     1.000000    -0.000000
     0.999660    0.000264
     0.998632    0.001038
     0.996905    0.002280
     0.994464    0.003949
     0.991301    0.006011
     0.987413    0.008437
     0.982796    0.011198
     0.977451    0.014270
     0.971381    0.017626
     0.964589    0.021241
     0.957082    0.025089
     0.948867    0.029146
     0.939953    0.033388
     0.930350    0.037789
     0.920072    0.042327
     0.909131    0.046977
     0.897542    0.051719
     0.885320    0.056528
     0.872483    0.061383
     0.859049    0.066264
     0.845035    0.071148
     0.830463    0.076016
     0.815353    0.080846
     0.799727    0.085618
     0.783607    0.090314
     0.767016    0.094913
     0.749979    0.099396
     0.732521    0.103743
     0.714666    0.107938
     0.696441    0.111961
     0.677872    0.115794
     0.658988    0.119419
     0.639816    0.122821
     0.620384    0.125981
     0.600722    0.128883
     0.580859    0.131512
     0.560825    0.133853
     0.540650    0.135891
     0.520365    0.137612
     0.500000    0.139003
     0.479609    0.140053
     0.459246    0.140763
     0.438945    0.141135
     0.418738    0.141173
     0.398660    0.140881
     0.378742    0.140266
     0.359018    0.139333
     0.339518    0.138091
     0.320276    0.136549
     0.301321    0.134714
     0.282685    0.132595
     0.264399    0.130196
     0.246492    0.127524
     0.228995    0.124585
     0.211937    0.121388
     0.195348    0.117940
     0.179254    0.114250
     0.163686    0.110329
     0.148669    0.106186
     0.134231    0.101834
     0.120398    0.097286
     0.107195    0.092554
     0.094648    0.087653
     0.082781    0.082600
     0.071618    0.077413
     0.061181    0.072110
     0.051493    0.066712
     0.042574    0.061241
     0.034443    0.055721
     0.027120    0.050179
     0.020619    0.044640
     0.014953    0.039135
     0.010133    0.033693
     0.006166    0.028345
     0.003053    0.023123
     0.000790    0.018061
     -0.000631    0.013189
     -0.001225    0.008543
     -0.001012    0.004152
     0.000000    0.000000
     0.001783    -0.003883
     0.004307    -0.007473
     0.007562    -0.010798
     0.011521    -0.013846
     0.016162    -0.016609
     0.021464    -0.019085
     0.027411    -0.021277
     0.033990    -0.023187
     0.041190    -0.024823
     0.049001    -0.026193
     0.057413    -0.027305
     0.066420    -0.028171
     0.076011    -0.028798
     0.086179    -0.029199
     0.096913    -0.029385
     0.108202    -0.029365
     0.120035    -0.029153
     0.132399    -0.028760
     0.145280    -0.028198
     0.158662    -0.027478
     0.172530    -0.026614
     0.186866    -0.025618
     0.201652    -0.024503
     0.216867    -0.023281
     0.232492    -0.021965
     0.248506    -0.020570
     0.264887    -0.019107
     0.281611    -0.017591
     0.298655    -0.016035
     0.315996    -0.014452
     0.333607    -0.012856
     0.351465    -0.011260
     0.369542    -0.009672
     0.387812    -0.008101
     0.406250    -0.006557
     0.424827    -0.005048
     0.443518    -0.003585
     0.462295    -0.002179
     0.481131    -0.000838
     0.500000    0.000425
     0.518895    0.001603
     0.537809    0.002693
     0.556712    0.003696
     0.575575    0.004612
     0.594368    0.005442
     0.613061    0.006184
     0.631624    0.006841
     0.650029    0.007412
     0.668245    0.007899
     0.686243    0.008302
     0.703994    0.008622
     0.721470    0.008862
     0.738642    0.009021
     0.755482    0.009103
     0.771963    0.009108
     0.788058    0.009040
     0.803740    0.008902
     0.818985    0.008695
     0.833765    0.008424
     0.848058    0.008092
     0.861839    0.007705
     0.875086    0.007266
     0.887775    0.006781
     0.899886    0.006258
     0.911398    0.005702
     0.922290    0.005122
     0.932543    0.004526
     0.942140    0.003924
     0.951061    0.003327
     0.959290    0.002745
     0.966810    0.002192
     0.973605    0.001678
     0.979659    0.001218
     0.984957    0.000823
     0.989484    0.000503
     0.993225    0.000266
     0.996164    0.000112
     0.998285    0.000032
     0.999569    0.000004
     1.000000    0.000000
