     1.000000    0.000000
     0.999627    0.000375
     0.998496    0.001453
     0.996581    0.003139
     0.993864    0.005355
     0.990331    0.008044
     0.985974    0.011164
     0.980790    0.014679
     0.974779    0.018559
     0.967943    0.022772
     0.960288    0.027290
     0.951820    0.032081
     0.942550    0.037118
     0.932490    0.042372
     0.921654    0.047815
     0.910057    0.053418
     0.897716    0.059153
     0.884651    0.064993
     0.870882    0.070911
     0.856430    0.076879
     0.841318    0.082871
     0.825571    0.088860
     0.809214    0.094818
     0.792273    0.100721
     0.774776    0.106542
     0.756753    0.112255
     0.738231    0.117835
     0.719242    0.123256
     0.699817    0.128494
     0.679989    0.133524
     0.659790    0.138323
     0.639254    0.142866
     0.618415    0.147132
     0.597310    0.151098
     0.575973    0.154743
     0.554441    0.158046
     0.532750    0.160988
     0.510939    0.163550
     0.489052    0.165715
     0.467171    0.167473
     0.445345    0.168820
     0.423614    0.169755
     0.402020    0.170278
     0.380603    0.170391
     0.359402    0.170095
     0.338457    0.169397
     0.317807    0.168304
     0.297490    0.166821
     0.277544    0.164950
     0.258008    0.162692
     0.238917    0.160046
     0.220310    0.157014
     0.202221    0.153600
     0.184688    0.149807
     0.167745    0.145640
     0.151426    0.141106
     0.135765    0.136213
     0.120796    0.130969
     0.106551    0.125386
     0.093062    0.119476
     0.080359    0.113254
     0.068473    0.106736
     0.057435    0.099941
     0.047270    0.092891
     0.038008    0.085609
     0.029673    0.078122
     0.022287    0.070460
     0.015871    0.062656
     0.010440    0.054744
     0.006006    0.046763
     0.002571    0.038757
     0.000134    0.030769
     -0.001318    0.022851
     -0.001807    0.015059
     -0.001362    0.007448
     0.000000    0.000000
     0.002239    -0.007233
     0.005314    -0.014201
     0.009203    -0.020935
     0.013870    -0.027395
     0.019281    -0.033549
     0.025411    -0.039373
     0.032240    -0.044853
     0.039753    -0.049976
     0.047936    -0.054739
     0.056782    -0.059136
     0.066280    -0.063168
     0.076423    -0.066836
     0.087201    -0.070143
     0.098605    -0.073095
     0.110624    -0.075697
     0.123245    -0.077956
     0.136454    -0.079882
     0.150235    -0.081483
     0.164571    -0.082770
     0.179443    -0.083754
     0.194831    -0.084447
     0.210713    -0.084862
     0.227065    -0.085013
     0.243864    -0.084913
     0.261083    -0.084578
     0.278696    -0.084023
     0.296676    -0.083263
     0.314994    -0.082315
     0.333621    -0.081195
     0.352526    -0.079919
     0.371678    -0.078496
     0.391047    -0.076933
     0.410599    -0.075239
     0.430303    -0.073427
     0.450126    -0.071506
     0.470038    -0.069491
     0.490006    -0.067393
     0.510003    -0.065228
     0.530040    -0.063005
     0.550088    -0.060732
     0.570110    -0.058414
     0.590072    -0.056059
     0.609936    -0.053674
     0.629666    -0.051267
     0.649227    -0.048845
     0.668583    -0.046416
     0.687698    -0.043988
     0.706537    -0.041569
     0.725065    -0.039166
     0.743247    -0.036788
     0.761050    -0.034441
     0.778441    -0.032134
     0.795385    -0.029874
     0.811853    -0.027666
     0.827813    -0.025519
     0.843234    -0.023436
     0.858087    -0.021425
     0.872344    -0.019489
     0.885977    -0.017634
     0.898960    -0.015861
     0.911267    -0.014174
     0.922874    -0.012575
     0.933756    -0.011064
     0.943892    -0.009640
     0.953258    -0.008303
     0.961833    -0.007051
     0.969597    -0.005880
     0.976529    -0.004788
     0.982609    -0.003774
     0.987817    -0.002836
     0.992132    -0.001981
     0.995533    -0.001223
     0.997997    -0.000595
     0.999496    -0.000160
     1.000000    -0.000000
