     1.000000    0.000000
     0.999669    0.000297
     0.998668    0.001161
     0.996979    0.002535
     0.994586    0.004365
     0.991477    0.006610
     0.987647    0.009236
     0.983092    0.012214
     0.977810    0.015518
     0.971803    0.019122
     0.965074    0.022999
     0.957627    0.027126
     0.949471    0.031477
     0.940613    0.036027
     0.931064    0.040753
     0.920835    0.045631
     0.909939    0.050636
     0.898391    0.055746
     0.886205    0.060938
     0.873399    0.066190
     0.859990    0.071479
     0.845996    0.076783
     0.831438    0.082081
     0.816336    0.087351
     0.800711    0.092572
     0.784585    0.097723
     0.767982    0.102783
     0.750926    0.107732
     0.733441    0.112550
     0.715552    0.117216
     0.697286    0.121711
     0.678669    0.126016
     0.659728    0.130111
     0.640491    0.133979
     0.620987    0.137602
     0.601245    0.140961
     0.581293    0.144040
     0.561162    0.146823
     0.540883    0.149294
     0.520485    0.151437
     0.500000    0.153239
     0.479484    0.154688
     0.458996    0.155782
     0.438570    0.156521
     0.418239    0.156908
     0.398037    0.156943
     0.377997    0.156633
     0.358152    0.155980
     0.338535    0.154993
     0.319177    0.153677
     0.300110    0.152041
     0.281365    0.150089
     0.262973    0.147823
     0.244966    0.145248
     0.227374    0.142368
     0.210226    0.139187
     0.193552    0.135712
     0.177381    0.131949
     0.161742    0.127906
     0.146663    0.123591
     0.132172    0.119014
     0.118295    0.114185
     0.105059    0.109117
     0.092489    0.103822
     0.080613    0.098316
     0.069453    0.092613
     0.059034    0.086732
     0.049379    0.080693
     0.040510    0.074517
     0.032448    0.068227
     0.025212    0.061848
     0.018818    0.055408
     0.013280    0.048936
     0.008609    0.042463
     0.004812    0.036022
     0.001889    0.029647
     -0.000165    0.023373
     -0.001362    0.017238
     -0.001719    0.011282
     -0.001262    0.005544
     0.000000    0.000000
     0.002033    -0.005310
     0.004802    -0.010349
     0.008293    -0.015150
     0.012477    -0.019694
     0.017326    -0.023961
     0.022818    -0.027940
     0.028935    -0.031627
     0.035663    -0.035017
     0.042991    -0.038112
     0.050909    -0.040913
     0.059409    -0.043425
     0.068483    -0.045653
     0.078125    -0.047602
     0.088326    -0.049279
     0.099078    -0.050693
     0.110370    -0.051851
     0.122194    -0.052763
     0.134535    -0.053437
     0.147383    -0.053885
     0.160721    -0.054115
     0.174536    -0.054140
     0.188810    -0.053970
     0.203525    -0.053617
     0.218663    -0.053093
     0.234204    -0.052410
     0.250128    -0.051582
     0.266413    -0.050621
     0.283036    -0.049541
     0.299975    -0.048354
     0.317207    -0.047075
     0.334706    -0.045717
     0.352448    -0.044293
     0.370407    -0.042811
     0.388557    -0.041278
     0.406873    -0.039704
     0.425326    -0.038097
     0.443892    -0.036467
     0.462544    -0.034824
     0.481256    -0.033180
     0.500000    -0.031545
     0.518775    -0.029929
     0.537576    -0.028336
     0.556375    -0.026768
     0.575141    -0.025229
     0.593846    -0.023721
     0.612458    -0.022247
     0.630949    -0.020810
     0.649289    -0.019412
     0.667448    -0.018056
     0.685397    -0.016744
     0.703107    -0.015481
     0.720550    -0.014267
     0.737695    -0.013105
     0.754516    -0.011998
     0.770985    -0.010946
     0.787075    -0.009953
     0.802758    -0.009019
     0.818010    -0.008145
     0.832805    -0.007332
     0.847117    -0.006580
     0.860924    -0.005890
     0.874201    -0.005259
     0.886926    -0.004687
     0.899078    -0.004172
     0.910635    -0.003711
     0.921576    -0.003300
     0.931883    -0.002936
     0.941536    -0.002613
     0.950516    -0.002324
     0.958806    -0.002064
     0.966389    -0.001825
     0.973246    -0.001598
     0.979363    -0.001377
     0.984723    -0.001154
     0.989308    -0.000924
     0.993103    -0.000686
     0.996090    -0.000448
     0.998249    -0.000228
     0.999560    -0.000063
     1.000000    -0.000000
