     1.000000    0.000000
     0.999644    0.000220
     0.998577    0.000877
     0.996795    0.001959
     0.994297    0.003452
     0.991078    0.005332
     0.987136    0.007574
     0.982469    0.010149
     0.977074    0.013026
     0.970954    0.016173
     0.964111    0.019558
     0.956550    0.023148
     0.948277    0.026915
     0.939301    0.030827
     0.929633    0.034858
     0.919286    0.038980
     0.908273    0.043169
     0.896611    0.047400
     0.884316    0.051653
     0.871405    0.055905
     0.857900    0.060138
     0.843819    0.064332
     0.829185    0.068469
     0.814020    0.072533
     0.798347    0.076507
     0.782191    0.080376
     0.765575    0.084125
     0.748525    0.087740
     0.731068    0.091208
     0.713231    0.094514
     0.695039    0.097646
     0.676522    0.100593
     0.657708    0.103341
     0.638625    0.105880
     0.619302    0.108198
     0.599769    0.110285
     0.580055    0.112129
     0.560191    0.113722
     0.540207    0.115052
     0.520133    0.116110
     0.500000    0.116888
     0.479853    0.117378
     0.459739    0.117582
     0.439690    0.117505
     0.419736    0.117152
     0.399911    0.116525
     0.380245    0.115631
     0.360770    0.114473
     0.341518    0.113053
     0.322518    0.111376
     0.303803    0.109450
     0.285401    0.107286
     0.267343    0.104892
     0.249657    0.102279
     0.232371    0.099457
     0.215514    0.096438
     0.199112    0.093232
     0.183193    0.089853
     0.167782    0.086311
     0.152905    0.082620
     0.138587    0.078793
     0.124851    0.074844
     0.111722    0.070788
     0.099221    0.066640
     0.087371    0.062415
     0.076192    0.058131
     0.065706    0.053805
     0.055932    0.049455
     0.046889    0.045101
     0.038593    0.040763
     0.031061    0.036461
     0.024309    0.032218
     0.018350    0.028054
     0.013194    0.023993
     0.008851    0.020055
     0.005327    0.016262
     0.002626    0.012631
     0.000747    0.009178
     -0.000312    0.005917
     -0.000558    0.002856
     0.000000    0.000000
     0.001329    -0.002589
     0.003395    -0.004851
     0.006185    -0.006794
     0.009686    -0.008429
     0.013888    -0.009768
     0.018779    -0.010825
     0.024351    -0.011616
     0.030594    -0.012157
     0.037499    -0.012463
     0.045059    -0.012551
     0.053264    -0.012437
     0.062105    -0.012136
     0.071572    -0.011662
     0.081653    -0.011031
     0.092338    -0.010256
     0.103612    -0.009350
     0.115462    -0.008326
     0.127872    -0.007198
     0.140826    -0.005976
     0.154306    -0.004674
     0.168294    -0.003301
     0.182770    -0.001870
     0.197713    -0.000391
     0.213103    0.001125
     0.228916    0.002668
     0.245131    0.004227
     0.261722    0.005793
     0.278667    0.007355
     0.295939    0.008903
     0.313514    0.010429
     0.331365    0.011923
     0.349465    0.013375
     0.367789    0.014776
     0.386310    0.016113
     0.404999    0.017371
     0.423829    0.018540
     0.442773    0.019606
     0.461802    0.020561
     0.480887    0.021394
     0.500000    0.022096
     0.519127    0.022661
     0.538252    0.023091
     0.557346    0.023390
     0.576379    0.023562
     0.595321    0.023612
     0.614143    0.023546
     0.632816    0.023368
     0.651309    0.023086
     0.669595    0.022706
     0.687644    0.022233
     0.705429    0.021675
     0.722922    0.021039
     0.740096    0.020331
     0.756924    0.019559
     0.773380    0.018730
     0.789438    0.017851
     0.805074    0.016929
     0.820263    0.015972
     0.834981    0.014987
     0.849207    0.013982
     0.862917    0.012963
     0.876090    0.011937
     0.888706    0.010913
     0.900744    0.009897
     0.912183    0.008896
     0.923007    0.007917
     0.933195    0.006966
     0.942730    0.006051
     0.951594    0.005177
     0.959768    0.004352
     0.967237    0.003581
     0.973982    0.002871
     0.979987    0.002227
     0.985234    0.001656
     0.989707    0.001162
     0.993391    0.000750
     0.996273    0.000425
     0.998340    0.000190
     0.999585    0.000048
     1.000000    -0.000000
