     1.000000    -0.000000
     0.999655    0.000250
     0.998618    0.000997
     0.996887    0.002227
     0.994455    0.003921
     0.991317    0.006053
     0.987466    0.008591
     0.982896    0.011502
     0.977604    0.014747
     0.971588    0.018291
     0.964847    0.022096
     0.957385    0.026125
     0.949207    0.030345
     0.940320    0.034720
     0.930733    0.039221
     0.920459    0.043818
     0.909512    0.048483
     0.897905    0.053191
     0.885656    0.057917
     0.872784    0.062640
     0.859306    0.067339
     0.845244    0.071993
     0.830619    0.076584
     0.815454    0.081095
     0.799771    0.085509
     0.783594    0.089810
     0.766949    0.093983
     0.749861    0.098014
     0.732357    0.101890
     0.714462    0.105596
     0.696204    0.109121
     0.677612    0.112451
     0.658713    0.115576
     0.639536    0.118484
     0.620110    0.121163
     0.600464    0.123603
     0.580630    0.125794
     0.560635    0.127725
     0.540512    0.129387
     0.520290    0.130770
     0.500000    0.131864
     0.479692    0.132662
     0.459418    0.133165
     0.439209    0.133374
     0.419098    0.133292
     0.399118    0.132921
     0.379299    0.132262
     0.359675    0.131316
     0.340276    0.130081
     0.321136    0.128558
     0.302284    0.126754
     0.283751    0.124677
     0.265568    0.122335
     0.247763    0.119739
     0.230367    0.116896
     0.213406    0.113817
     0.196909    0.110512
     0.180903    0.106992
     0.165416    0.103268
     0.150472    0.099351
     0.136097    0.095255
     0.122317    0.090991
     0.109155    0.086573
     0.096635    0.082015
     0.084780    0.077333
     0.073612    0.072541
     0.063152    0.067655
     0.053422    0.062695
     0.044441    0.057676
     0.036227    0.052619
     0.028799    0.047542
     0.022173    0.042467
     0.016362    0.037414
     0.011378    0.032403
     0.007232    0.027455
     0.003928    0.022590
     0.001470    0.017823
     -0.000144    0.013171
     -0.000921    0.008645
     -0.000868    0.004253
     0.000000    0.000000
     0.001639    -0.004019
     0.004003    -0.007713
     0.007076    -0.011087
     0.010842    -0.014150
     0.015286    -0.016912
     0.020398    -0.019386
     0.026166    -0.021583
     0.032582    -0.023515
     0.039636    -0.025196
     0.047321    -0.026639
     0.055630    -0.027854
     0.064553    -0.028855
     0.074082    -0.029653
     0.084208    -0.030259
     0.094919    -0.030684
     0.106203    -0.030939
     0.118048    -0.031033
     0.130439    -0.030977
     0.143360    -0.030781
     0.156796    -0.030454
     0.170727    -0.030004
     0.185136    -0.029443
     0.200003    -0.028777
     0.215306    -0.028017
     0.231024    -0.027171
     0.247135    -0.026247
     0.263615    -0.025254
     0.280442    -0.024200
     0.297589    -0.023095
     0.315033    -0.021945
     0.332747    -0.020760
     0.350707    -0.019548
     0.368885    -0.018316
     0.387256    -0.017081
     0.405792    -0.015858
     0.424467    -0.014660
     0.443254    -0.013500
     0.462123    -0.012389
     0.481048    -0.011337
     0.500000    -0.010353
     0.518970    -0.009445
     0.537947    -0.008612
     0.556902    -0.007851
     0.575805    -0.007162
     0.594626    -0.006540
     0.613336    -0.005982
     0.631905    -0.005484
     0.650304    -0.005043
     0.668505    -0.004654
     0.686479    -0.004312
     0.704198    -0.004014
     0.721634    -0.003755
     0.738760    -0.003530
     0.755549    -0.003334
     0.771976    -0.003163
     0.788015    -0.003014
     0.803640    -0.002880
     0.818829    -0.002759
     0.833557    -0.002646
     0.847801    -0.002538
     0.861539    -0.002430
     0.874750    -0.002321
     0.887412    -0.002208
     0.899505    -0.002089
     0.911010    -0.001961
     0.921907    -0.001824
     0.932176    -0.001679
     0.941800    -0.001524
     0.950758    -0.001361
     0.959032    -0.001193
     0.966604    -0.001021
     0.973452    -0.000849
     0.979559    -0.000681
     0.984904    -0.000522
     0.989468    -0.000376
     0.993233    -0.000248
     0.996182    -0.000143
     0.998299    -0.000065
     0.999574    -0.000016
     1.000000    0.000000
