     1.000000    0.000000
     0.999660    0.000280
     0.998638    0.001113
     0.996930    0.002485
     0.994528    0.004371
     0.991426    0.006739
     0.987615    0.009551
     0.983087    0.012768
     0.977838    0.016345
     0.971863    0.020239
     0.965163    0.024408
     0.957738    0.028812
     0.949594    0.033410
     0.940738    0.038167
     0.931178    0.043049
     0.920928    0.048024
     0.910000    0.053064
     0.898409    0.058141
     0.886172    0.063230
     0.873307    0.068310
     0.859835    0.073358
     0.845774    0.078354
     0.831147    0.083281
     0.815976    0.088120
     0.800285    0.092857
     0.784097    0.097474
     0.767438    0.101959
     0.750333    0.106296
     0.732808    0.110474
     0.714891    0.114479
     0.696607    0.118300
     0.677987    0.121925
     0.659057    0.125343
     0.639846    0.128543
     0.620384    0.131515
     0.600700    0.134249
     0.580823    0.136735
     0.560785    0.138963
     0.540614    0.140924
     0.520342    0.142609
     0.500000    0.144009
     0.479638    0.145115
     0.459311    0.145927
     0.439049    0.146444
     0.418885    0.146666
     0.398852    0.146592
     0.378982    0.146220
     0.359307    0.145546
     0.339859    0.144563
     0.320670    0.143269
     0.301771    0.141669
     0.283193    0.139768
     0.264966    0.137574
     0.247119    0.135093
     0.229682    0.132334
     0.212684    0.129304
     0.196152    0.126012
     0.180114    0.122467
     0.164596    0.118679
     0.149625    0.114657
     0.135228    0.110412
     0.121428    0.105955
     0.108250    0.101297
     0.095719    0.096450
     0.083857    0.091428
     0.072687    0.086244
     0.062232    0.080912
     0.052512    0.075448
     0.043548    0.069867
     0.035359    0.064185
     0.027964    0.058421
     0.021379    0.052592
     0.015619    0.046715
     0.010696    0.040811
     0.006620    0.034895
     0.003397    0.028986
     0.001029    0.023099
     -0.000486    0.017247
     -0.001154    0.011442
     -0.000987    0.005691
     0.000000    0.000000
     0.001758    -0.005502
     0.004237    -0.010688
     0.007417    -0.015560
     0.011283    -0.020126
     0.015818    -0.024391
     0.021010    -0.028364
     0.026849    -0.032053
     0.033325    -0.035467
     0.040430    -0.038614
     0.048156    -0.041504
     0.056497    -0.044143
     0.065445    -0.046542
     0.074992    -0.048707
     0.085128    -0.050647
     0.095843    -0.052369
     0.107126    -0.053881
     0.118964    -0.055190
     0.131344    -0.056302
     0.144250    -0.057226
     0.157666    -0.057968
     0.171574    -0.058534
     0.185956    -0.058932
     0.200793    -0.059167
     0.216063    -0.059248
     0.231746    -0.059180
     0.247819    -0.058970
     0.264260    -0.058625
     0.281044    -0.058152
     0.298147    -0.057557
     0.315545    -0.056846
     0.333213    -0.056028
     0.351124    -0.055108
     0.369252    -0.054094
     0.387572    -0.053003
     0.406057    -0.051852
     0.424680    -0.050656
     0.443414    -0.049429
     0.462230    -0.048182
     0.481102    -0.046925
     0.500000    -0.045669
     0.518917    -0.044419
     0.537845    -0.043179
     0.556753    -0.041948
     0.575611    -0.040724
     0.594391    -0.039508
     0.613062    -0.038298
     0.631595    -0.037091
     0.649960    -0.035887
     0.668130    -0.034684
     0.686076    -0.033478
     0.703769    -0.032268
     0.721182    -0.031053
     0.738288    -0.029829
     0.755061    -0.028596
     0.771473    -0.027351
     0.787500    -0.026093
     0.803118    -0.024820
     0.818301    -0.023533
     0.833027    -0.022231
     0.847272    -0.020913
     0.861015    -0.019581
     0.874234    -0.018236
     0.886908    -0.016880
     0.899017    -0.015516
     0.910542    -0.014149
     0.921462    -0.012783
     0.931758    -0.011426
     0.941412    -0.010085
     0.950405    -0.008770
     0.958717    -0.007491
     0.966328    -0.006262
     0.973219    -0.005096
     0.979368    -0.004011
     0.984755    -0.003021
     0.989359    -0.002144
     0.993160    -0.001398
     0.996139    -0.000798
     0.998279    -0.000359
     0.999569    -0.000090
     1.000000    -0.000000
