#      x          Cp  
     1.00000   -0.29156
     0.99053   -0.29693
     0.97883   -0.30484
     0.96631   -0.31432
     0.95293   -0.32614
     0.93869   -0.34209
     0.92360   -0.36060
     0.90770   -0.36063
     0.89106   -0.36067
     0.87376   -0.36071
     0.85588   -0.36075
     0.83752   -0.36079
     0.81876   -0.36082
     0.79966   -0.36085
     0.78029   -0.36087
     0.76070   -0.36088
     0.74094   -0.36089
     0.72104   -0.36089
     0.70104   -0.36087
     0.68096   -0.36085
     0.66082   -0.36082
     0.64065   -0.36079
     0.62045   -0.36075
     0.60025   -0.36071
     0.58006   -0.36067
     0.55988   -0.36063
     0.53973   -0.36061
     0.51962   -0.36061
     0.49954   -0.36064
     0.47952   -0.36071
     0.45953   -0.36084
     0.43962   -0.36105
     0.41978   -0.36137
     0.40003   -0.36183
     0.38041   -0.36249
     0.36094   -0.36341
     0.34165   -0.36469
     0.32260   -0.36646
     0.30385   -0.36888
     0.28544   -0.37220
     0.26745   -0.37673
     0.24995   -0.38288
     0.23300   -0.39117
     0.21667   -0.40226
     0.20100   -0.41692
     0.18607   -0.43586
     0.17190   -0.45936
     0.15852   -0.48677
     0.14596   -0.51800
     0.13421   -0.55187
     0.12325   -0.58636
     0.11305   -0.61958
     0.10358   -0.65007
     0.09480   -0.67688
     0.08666   -0.69949
     0.07912   -0.71763
     0.07213   -0.73112
     0.06565   -0.73986
     0.05964   -0.74384
     0.05405   -0.74295
     0.04887   -0.73704
     0.04405   -0.72595
     0.03957   -0.70949
     0.03541   -0.68752
     0.03155   -0.65970
     0.02796   -0.62577
     0.02463   -0.58541
     0.02155   -0.53837
     0.01870   -0.48431
     0.01608   -0.42313
     0.01367   -0.35472
     0.01148   -0.27914
     0.00949   -0.19641
     0.00770   -0.10702
     0.00610   -0.01170
     0.00470    0.08843
     0.00349    0.19198
     0.00246    0.29723
     0.00162    0.40211
     0.00096    0.50448
     0.00047    0.60184
     0.00016    0.69183
     0.00001    0.77266
     0.00003    0.84338
     0.00022    0.90299
     0.00058    0.94971
     0.00113    0.98180
     0.00187    0.99793
     0.00280    0.99810
     0.00394    0.98281
     0.00528    0.95361
     0.00682    0.91216
     0.00857    0.86061
     0.01052    0.80106
     0.01269    0.73583
     0.01506    0.66693
     0.01764    0.59610
     0.02044    0.52487
     0.02347    0.45454
     0.02673    0.38617
     0.03022    0.32054
     0.03397    0.25812
     0.03798    0.19930
     0.04227    0.14431
     0.04687    0.09328
     0.05178    0.04620
     0.05704    0.00301
     0.06268   -0.03637
     0.06873   -0.07219
     0.07523   -0.10454
     0.08222   -0.13352
     0.08975   -0.15926
     0.09789   -0.18209
     0.10667   -0.20213
     0.11618   -0.21939
     0.12647   -0.23424
     0.13760   -0.24665
     0.14964   -0.25687
     0.16264   -0.26501
     0.17662   -0.27127
     0.19160   -0.27585
     0.20757   -0.27889
     0.22450   -0.28074
     0.24234   -0.28145
     0.26100   -0.28145
     0.28041   -0.28079
     0.30047   -0.27987
     0.32111   -0.27882
     0.34221   -0.27799
     0.36370   -0.27740
     0.38550   -0.27697
     0.40756   -0.27668
     0.42985   -0.27651
     0.45234   -0.27642
     0.47499   -0.27650
     0.49779   -0.27679
     0.52072   -0.27745
     0.54374   -0.27852
     0.56684   -0.27994
     0.58999   -0.28174
     0.61319   -0.28387
     0.63642   -0.28638
     0.65967   -0.28920
     0.68295   -0.29243
     0.70622   -0.29603
     0.72948   -0.30006
     0.75269   -0.30457
     0.77581   -0.30956
     0.79879   -0.31509
     0.82154   -0.32112
     0.84394   -0.32760
     0.86583   -0.33437
     0.88701   -0.34101
     0.90727   -0.34688
     0.92637   -0.35077
     0.94416   -0.35074
     0.96053   -0.34485
     0.97548   -0.32768
     0.98911   -0.30870
     1.00000   -0.29156
