OSV_tip                                         
 Alfa =  14.01141 Re =    80954.797 Xflap,Yflap =     0.000000    0.000000
#    x        y        Cp  
   1.00000 -0.00880 -0.01709
   0.99301 -0.00409 -0.01710
   0.98184  0.00228 -0.01817
   0.96990  0.00842 -0.01943
   0.95717  0.01451 -0.02087
   0.94362  0.02060 -0.02249
   0.92925  0.02670 -0.02428
   0.91410  0.03281 -0.02626
   0.89821  0.03890 -0.02842
   0.88165  0.04495 -0.03074
   0.86450  0.05093 -0.03320
   0.84681  0.05680 -0.03571
   0.82869  0.06254 -0.03809
   0.81018  0.06812 -0.03995
   0.79137  0.07352 -0.04122
   0.77229  0.07873 -0.04854
   0.75301  0.08372 -0.06292
   0.73355  0.08850 -0.08391
   0.71397  0.09304 -0.11189
   0.69427  0.09735 -0.14706
   0.67450  0.10142 -0.18924
   0.65467  0.10523 -0.23815
   0.63480  0.10879 -0.29288
   0.61490  0.11209 -0.35239
   0.59500  0.11513 -0.41545
   0.57511  0.11790 -0.48106
   0.55523  0.12040 -0.54739
   0.53539  0.12263 -0.61404
   0.51557  0.12457 -0.67970
   0.49579  0.12624 -0.74420
   0.47605  0.12762 -0.80573
   0.45635  0.12872 -0.86654
   0.43670  0.12953 -0.92380
   0.41712  0.13006 -0.97951
   0.39764  0.13031 -1.03277
   0.37827  0.13028 -1.08739
   0.35905  0.12996 -1.14470
   0.34001  0.12937 -1.21364
   0.32119  0.12850 -1.30919
   0.30266  0.12735 -1.45836
   0.28447  0.12594 -1.70914
   0.26669  0.12427 -2.02776
   0.24938  0.12235 -2.12686
   0.23260  0.12019 -2.14342
   0.21641  0.11780 -2.15896
   0.20087  0.11521 -2.17465
   0.18603  0.11244 -2.19115
   0.17194  0.10951 -2.20941
   0.15863  0.10646 -2.23007
   0.14610  0.10330 -2.25421
   0.13436  0.10007 -2.28281
   0.12340  0.09679 -2.31698
   0.11320  0.09348 -2.35732
   0.10372  0.09015 -2.40420
   0.09492  0.08683 -2.45678
   0.08676  0.08353 -2.51467
   0.07921  0.08024 -2.57676
   0.07220  0.07699 -2.64289
   0.06571  0.07377 -2.70913
   0.05969  0.07057 -2.77661
   0.05410  0.06742 -2.83987
   0.04892  0.06429 -2.90258
   0.04411  0.06120 -2.96019
   0.03964  0.05814 -3.01557
   0.03548  0.05511 -3.06250
   0.03163  0.05210 -3.10431
   0.02805  0.04912 -3.13885
   0.02474  0.04615 -3.17283
   0.02167  0.04321 -3.18644
   0.01883  0.04029 -3.19741
   0.01622  0.03738 -3.20657
   0.01383  0.03448 -3.18531
   0.01164  0.03160 -3.15364
   0.00965  0.02873 -3.12030
   0.00786  0.02587 -3.06044
   0.00626  0.02303 -2.98631
   0.00485  0.02020 -2.87476
   0.00363  0.01739 -2.74880
   0.00259  0.01459 -2.62200
   0.00173  0.01182 -2.46461
   0.00104  0.00908 -2.28742
   0.00053  0.00638 -2.09191
   0.00020  0.00372 -1.88301
   0.00002  0.00109 -1.64231
   0.00001 -0.00153 -1.44128
   0.00017 -0.00415 -1.16624
   0.00051 -0.00680 -0.91174
   0.00103 -0.00947 -0.66350
   0.00174 -0.01216 -0.40364
   0.00265 -0.01484 -0.19333
   0.00377 -0.01752  0.05262
   0.00509 -0.02018  0.25228
   0.00662 -0.02281  0.42601
   0.00834 -0.02542  0.56719
   0.01028 -0.02798  0.69872
   0.01242 -0.03050  0.79291
   0.01477 -0.03298  0.87436
   0.01733 -0.03541  0.92794
   0.02010 -0.03778  0.96715
   0.02310 -0.04010  0.99021
   0.02631 -0.04237  0.99921
   0.02976 -0.04458  0.99845
   0.03345 -0.04673  0.98757
   0.03739 -0.04883  0.97037
   0.04161 -0.05087  0.94531
   0.04611 -0.05286  0.91929
   0.05091 -0.05479  0.88836
   0.05605 -0.05667  0.85435
   0.06155 -0.05848  0.81982
   0.06744 -0.06024  0.78334
   0.07376 -0.06193  0.74772
   0.08055 -0.06356  0.71246
   0.08787 -0.06512  0.67349
   0.09576 -0.06661  0.63750
   0.10428 -0.06801  0.60451
   0.11351 -0.06932  0.57085
   0.12351 -0.07053  0.53705
   0.13435 -0.07162  0.50585
   0.14610 -0.07257  0.47685
   0.15883 -0.07338  0.44702
   0.17259 -0.07402  0.42123
   0.18741 -0.07448  0.39622
   0.20331 -0.07473  0.37130
   0.22025 -0.07477  0.35031
   0.23821 -0.07459  0.32987
   0.25711 -0.07420  0.31111
   0.27687 -0.07358  0.29510
   0.29739 -0.07276  0.27993
   0.31858 -0.07175  0.26512
   0.34032 -0.07057  0.25151
   0.36253 -0.06923  0.23920
   0.38511 -0.06775  0.22724
   0.40801 -0.06613  0.21603
   0.43118 -0.06440  0.20526
   0.45460 -0.06256  0.19546
   0.47822 -0.06063  0.18620
   0.50204 -0.05861  0.17660
   0.52600 -0.05654  0.16765
   0.55007 -0.05441  0.15824
   0.57423 -0.05223  0.14877
   0.59845 -0.05001  0.13924
   0.62272 -0.04775  0.12969
   0.64704 -0.04545  0.11999
   0.67139 -0.04311  0.11012
   0.69577 -0.04075  0.09994
   0.72015 -0.03836  0.08973
   0.74452 -0.03595  0.07890
   0.76884 -0.03353  0.06751
   0.79305 -0.03111  0.05551
   0.81705 -0.02870  0.04246
   0.84071 -0.02632  0.02832
   0.86384 -0.02399  0.01290
   0.88620 -0.02174 -0.00417
   0.90750 -0.01959 -0.02240
   0.92747 -0.01757 -0.04166
   0.94589 -0.01568 -0.05946
   0.96267 -0.01391 -0.07194
   0.97783 -0.01219 -0.06260
   0.99153 -0.01037 -0.03429
   1.00000 -0.00880 -0.01709
