OSV_tip                                         
 Alfa =  13.40671 Re =    36884.988 Xflap,Yflap =     0.000000    0.000000
#    x        y        Cp  
   1.00000 -0.00916 -0.31553
   0.99305 -0.00439 -0.31683
   0.98193  0.00207 -0.31951
   0.97006  0.00829 -0.32245
   0.95740  0.01445 -0.32569
   0.94394  0.02061 -0.32925
   0.92967  0.02679 -0.33315
   0.91462  0.03297 -0.33742
   0.89884  0.03913 -0.34207
   0.88240  0.04525 -0.34712
   0.86536  0.05130 -0.35260
   0.84779  0.05723 -0.35852
   0.82978  0.06304 -0.36492
   0.81139  0.06868 -0.37181
   0.79268  0.07415 -0.37924
   0.77372  0.07941 -0.38726
   0.75454  0.08447 -0.39592
   0.73518  0.08930 -0.40530
   0.71569  0.09391 -0.41548
   0.69609  0.09827 -0.42659
   0.67641  0.10239 -0.43876
   0.65666  0.10625 -0.45221
   0.63687  0.10986 -0.46721
   0.61706  0.11320 -0.48447
   0.59724  0.11628 -0.50437
   0.57743  0.11910 -0.52806
   0.55763  0.12163 -0.55809
   0.53785  0.12389 -0.60613
   0.51811  0.12587 -0.61836
   0.49840  0.12757 -0.61858
   0.47872  0.12897 -0.61876
   0.45909  0.13009 -0.61892
   0.43951  0.13093 -0.61904
   0.41999  0.13148 -0.61914
   0.40056  0.13175 -0.61921
   0.38123  0.13173 -0.61927
   0.36205  0.13143 -0.61929
   0.34304  0.13084 -0.61931
   0.32424  0.12997 -0.61930
   0.30572  0.12883 -0.61932
   0.28752  0.12742 -0.61932
   0.26971  0.12575 -0.61940
   0.25236  0.12383 -0.61958
   0.23551  0.12166 -0.61991
   0.21925  0.11926 -0.62050
   0.20362  0.11666 -0.62150
   0.18868  0.11387 -0.62310
   0.17446  0.11091 -0.62561
   0.16101  0.10783 -0.62944
   0.14835  0.10464 -0.63506
   0.13646  0.10137 -0.64314
   0.12536  0.09804 -0.65464
   0.11502  0.09469 -0.67032
   0.10540  0.09132 -0.69146
   0.09647  0.08795 -0.71849
   0.08819  0.08460 -0.75062
   0.08052  0.08126 -0.78742
   0.07341  0.07796 -0.82746
   0.06682  0.07469 -0.86908
   0.06071  0.07146 -0.90756
   0.05504  0.06826 -0.94236
   0.04978  0.06510 -0.96939
   0.04490  0.06197 -0.99427
   0.04037  0.05888 -1.00824
   0.03616  0.05581 -1.02287
   0.03225  0.05277 -1.02553
   0.02862  0.04976 -1.02407
   0.02526  0.04678 -1.01027
   0.02215  0.04381 -0.99412
   0.01928  0.04086 -0.96845
   0.01663  0.03793 -0.93436
   0.01420  0.03502 -0.89065
   0.01198  0.03212 -0.84443
   0.00996  0.02924 -0.78476
   0.00813  0.02636 -0.70618
   0.00650  0.02351 -0.62847
   0.00506  0.02067 -0.53402
   0.00381  0.01784 -0.44016
   0.00274  0.01504 -0.33246
   0.00185  0.01226 -0.21785
   0.00114  0.00950 -0.09045
   0.00060  0.00678  0.03098
   0.00024  0.00411  0.14750
   0.00004  0.00148  0.28380
   0.00001 -0.00114  0.39729
   0.00014 -0.00377  0.50986
   0.00045 -0.00642  0.61674
   0.00094 -0.00909  0.72277
   0.00163 -0.01178  0.81005
   0.00251 -0.01447  0.88387
   0.00361 -0.01715  0.93305
   0.00490 -0.01981  0.97367
   0.00640 -0.02245  0.99614
   0.00811 -0.02506  0.99979
   0.01003 -0.02763  0.99094
   0.01215 -0.03015  0.96796
   0.01448 -0.03263  0.93837
   0.01702 -0.03505  0.89649
   0.01977 -0.03742  0.85548
   0.02274 -0.03974  0.80240
   0.02594 -0.04200  0.74702
   0.02936 -0.04420  0.70122
   0.03303 -0.04634  0.64821
   0.03695 -0.04843  0.58955
   0.04114 -0.05046  0.53768
   0.04560 -0.05244  0.48969
   0.05038 -0.05435  0.44037
   0.05548 -0.05620  0.39817
   0.06094 -0.05800  0.35405
   0.06678 -0.05973  0.31101
   0.07305 -0.06140  0.27386
   0.07978 -0.06301  0.24023
   0.08703 -0.06454  0.20954
   0.09485 -0.06600  0.17709
   0.10330 -0.06737  0.15039
   0.11244 -0.06864  0.12152
   0.12234 -0.06982  0.10006
   0.13308 -0.07087  0.07993
   0.14473 -0.07179  0.06119
   0.15735 -0.07256  0.04384
   0.17101 -0.07317  0.02777
   0.18572 -0.07358  0.01651
   0.20152 -0.07380  0.00340
   0.21838 -0.07380 -0.00669
   0.23627 -0.07358 -0.01489
   0.25512 -0.07314 -0.02255
   0.27485 -0.07248 -0.02913
   0.29536 -0.07162 -0.03491
   0.31655 -0.07057 -0.04092
   0.33832 -0.06934 -0.04577
   0.36057 -0.06797 -0.05171
   0.38321 -0.06645 -0.05737
   0.40617 -0.06480 -0.06264
   0.42942 -0.06304 -0.06793
   0.45292 -0.06118 -0.07341
   0.47664 -0.05922 -0.07905
   0.50055 -0.05720 -0.08476
   0.52462 -0.05512 -0.09119
   0.54880 -0.05300 -0.09839
   0.57307 -0.05083 -0.10594
   0.59740 -0.04863 -0.11441
   0.62179 -0.04639 -0.12322
   0.64622 -0.04413 -0.13295
   0.67068 -0.04183 -0.14316
   0.69516 -0.03952 -0.15413
   0.71965 -0.03719 -0.16605
   0.74411 -0.03486 -0.17888
   0.76849 -0.03252 -0.19294
   0.79273 -0.03019 -0.20835
   0.81673 -0.02788 -0.22547
   0.84038 -0.02562 -0.24451
   0.86349 -0.02341 -0.26584
   0.88584 -0.02128 -0.28969
   0.90716 -0.01927 -0.31581
   0.92719 -0.01737 -0.34375
   0.94569 -0.01561 -0.37089
   0.96254 -0.01395 -0.39234
   0.97776 -0.01236 -0.38918
   0.99151 -0.01066 -0.36089
   1.00000 -0.00916 -0.31553
