OSV_tip                                         
 Alfa =  13.73699 Re =    60955.465 Xflap,Yflap =     0.000000    0.000000
#    x        y        Cp  
   1.00000 -0.00896 -0.25945
   0.99303 -0.00423 -0.26045
   0.98189  0.00218 -0.26268
   0.96999  0.00836 -0.26513
   0.95729  0.01448 -0.26784
   0.94378  0.02060 -0.27082
   0.92946  0.02673 -0.27408
   0.91436  0.03288 -0.27763
   0.89852  0.03900 -0.28150
   0.88201  0.04508 -0.28569
   0.86491  0.05109 -0.29021
   0.84728  0.05699 -0.29509
   0.82920  0.06276 -0.30032
   0.81075  0.06837 -0.30593
   0.79198  0.07380 -0.31194
   0.77296  0.07904 -0.31837
   0.75372  0.08406 -0.32526
   0.73431  0.08886 -0.33263
   0.71476  0.09344 -0.34054
   0.69510  0.09777 -0.34902
   0.67537  0.10186 -0.35814
   0.65558  0.10570 -0.36797
   0.63574  0.10928 -0.37859
   0.61588  0.11260 -0.39008
   0.59602  0.11566 -0.40257
   0.57616  0.11845 -0.41618
   0.55631  0.12096 -0.43106
   0.53650  0.12321 -0.44741
   0.51671  0.12517 -0.46546
   0.49696  0.12684 -0.48548
   0.47724  0.12824 -0.50784
   0.45757  0.12934 -0.53299
   0.43795  0.13017 -0.56150
   0.41840  0.13071 -0.59418
   0.39894  0.13097 -0.63219
   0.37959  0.13094 -0.67747
   0.36038  0.13063 -0.73408
   0.34135  0.13003 -0.81011
   0.32254  0.12916 -0.91687
   0.30401  0.12802 -0.91752
   0.28582  0.12661 -0.91804
   0.26802  0.12494 -0.91844
   0.25069  0.12302 -0.91884
   0.23388  0.12085 -0.91924
   0.21766  0.11846 -0.91977
   0.20208  0.11586 -0.92043
   0.18720  0.11308 -0.92155
   0.17305  0.11014 -0.92327
   0.15967  0.10707 -0.92592
   0.14708  0.10390 -0.92997
   0.13528  0.10065 -0.93606
   0.12426  0.09735 -0.94503
   0.11400  0.09402 -0.95793
   0.10446  0.09067 -0.97587
   0.09560  0.08733 -1.00036
   0.08739  0.08401 -1.03191
   0.07979  0.08070 -1.06951
   0.07273  0.07742 -1.11263
   0.06620  0.07418 -1.15908
   0.06014  0.07097 -1.20687
   0.05452  0.06779 -1.24982
   0.04930  0.06465 -1.28906
   0.04446  0.06155 -1.32363
   0.03996  0.05847 -1.34682
   0.03578  0.05542 -1.36766
   0.03190  0.05240 -1.38374
   0.02831  0.04941 -1.38533
   0.02497  0.04643 -1.38324
   0.02188  0.04348 -1.37792
   0.01903  0.04055 -1.35087
   0.01641  0.03763 -1.32753
   0.01399  0.03473 -1.29408
   0.01179  0.03184 -1.23908
   0.00979  0.02896 -1.18238
   0.00799  0.02610 -1.11110
   0.00637  0.02325 -1.02140
   0.00495  0.02041 -0.93503
   0.00371  0.01760 -0.83864
   0.00266  0.01480 -0.70702
   0.00178  0.01203 -0.57643
   0.00108  0.00928 -0.44648
   0.00056  0.00657 -0.31644
   0.00021  0.00390 -0.16859
   0.00003  0.00127 -0.03480
   0.00001 -0.00134  0.11611
   0.00016 -0.00397  0.27433
   0.00048 -0.00662  0.40468
   0.00099 -0.00929  0.51621
   0.00169 -0.01198  0.65636
   0.00259 -0.01466  0.74832
   0.00369 -0.01734  0.83433
   0.00500 -0.02000  0.90956
   0.00651 -0.02264  0.95266
   0.00823 -0.02524  0.98544
   0.01016 -0.02781  0.99830
   0.01229 -0.03033  0.99788
   0.01463 -0.03281  0.98473
   0.01718 -0.03523  0.96303
   0.01994 -0.03761  0.93194
   0.02292 -0.03992  0.89079
   0.02613 -0.04219  0.85110
   0.02956 -0.04439  0.80407
   0.03324 -0.04654  0.75465
   0.03717 -0.04864  0.70829
   0.04137 -0.05067  0.65841
   0.04585 -0.05265  0.61369
   0.05064 -0.05458  0.56553
   0.05576 -0.05644  0.52199
   0.06124 -0.05825  0.47981
   0.06711 -0.06000  0.43449
   0.07340 -0.06168  0.39646
   0.08016 -0.06330  0.35617
   0.08744 -0.06485  0.32558
   0.09529 -0.06632  0.29356
   0.10378 -0.06771  0.26247
   0.11296 -0.06900  0.23274
   0.12291 -0.07019  0.20649
   0.13370 -0.07127  0.18088
   0.14540 -0.07221  0.16031
   0.15808 -0.07300  0.13844
   0.17178 -0.07363  0.12026
   0.18655 -0.07407  0.10366
   0.20239 -0.07430  0.08878
   0.21929 -0.07433  0.07560
   0.23722 -0.07413  0.06439
   0.25609 -0.07372  0.05269
   0.27583 -0.07308  0.04374
   0.29635 -0.07225  0.03547
   0.31753 -0.07122  0.02691
   0.33929 -0.07002  0.01993
   0.36152 -0.06866  0.01210
   0.38413 -0.06717  0.00460
   0.40706 -0.06554 -0.00233
   0.43027 -0.06379 -0.00890
   0.45372 -0.06194 -0.01649
   0.47739 -0.06000 -0.02307
   0.50126 -0.05798 -0.02965
   0.52527 -0.05590 -0.03709
   0.54940 -0.05377 -0.04500
   0.57361 -0.05160 -0.05328
   0.59789 -0.04939 -0.06230
   0.62222 -0.04714 -0.07164
   0.64659 -0.04485 -0.08163
   0.67100 -0.04254 -0.09176
   0.69543 -0.04020 -0.10285
   0.71986 -0.03784 -0.11465
   0.74428 -0.03546 -0.12729
   0.76865 -0.03307 -0.14087
   0.79289 -0.03069 -0.15593
   0.81690 -0.02833 -0.17242
   0.84056 -0.02600 -0.19081
   0.86369 -0.02373 -0.21114
   0.88604 -0.02153 -0.23400
   0.90735 -0.01944 -0.25906
   0.92735 -0.01748 -0.28571
   0.94581 -0.01565 -0.31147
   0.96262 -0.01393 -0.33121
   0.97780 -0.01226 -0.32351
   0.99152 -0.01050 -0.28979
   1.00000 -0.00896 -0.25945
