OSV_mean                                        
 Alfa =  11.69106 Re =    35943.824 Xflap,Yflap =     0.000000    0.000000
#    x        y        Cp  
   1.00000 -0.00794 -0.27757
   0.99292 -0.00337 -0.27906
   0.98160  0.00281 -0.28214
   0.96950  0.00876 -0.28555
   0.95659  0.01466 -0.28933
   0.94283  0.02057 -0.29351
   0.92825  0.02649 -0.29812
   0.91287  0.03243 -0.30318
   0.89674  0.03835 -0.30874
   0.87993  0.04424 -0.31482
   0.86253  0.05005 -0.32145
   0.84461  0.05575 -0.32867
   0.82624  0.06132 -0.33652
   0.80752  0.06674 -0.34506
   0.78849  0.07198 -0.35437
   0.76921  0.07703 -0.36452
   0.74973  0.08188 -0.37563
   0.73009  0.08651 -0.38787
   0.71033  0.09092 -0.40143
   0.69047  0.09509 -0.41678
   0.67054  0.09903 -0.43439
   0.65056  0.10273 -0.45490
   0.63054  0.10618 -0.47977
   0.61051  0.10938 -0.51263
   0.59047  0.11232 -0.55688
   0.57044  0.11500 -0.55707
   0.55044  0.11742 -0.55723
   0.53047  0.11957 -0.55736
   0.51053  0.12146 -0.55747
   0.49063  0.12306 -0.55754
   0.47077  0.12439 -0.55760
   0.45096  0.12545 -0.55764
   0.43121  0.12624 -0.55767
   0.41154  0.12674 -0.55767
   0.39198  0.12697 -0.55768
   0.37254  0.12693 -0.55767
   0.35326  0.12661 -0.55769
   0.33418  0.12601 -0.55773
   0.31535  0.12515 -0.55781
   0.29682  0.12402 -0.55798
   0.27867  0.12264 -0.55827
   0.26095  0.12099 -0.55878
   0.24373  0.11910 -0.55959
   0.22707  0.11698 -0.56094
   0.21104  0.11464 -0.56297
   0.19568  0.11211 -0.56607
   0.18105  0.10940 -0.57072
   0.16719  0.10654 -0.57746
   0.15412  0.10357 -0.58700
   0.14186  0.10050 -0.60047
   0.13038  0.09736 -0.61871
   0.11968  0.09417 -0.64276
   0.10974  0.09096 -0.67213
   0.10050  0.08774 -0.70625
   0.09194  0.08452 -0.74405
   0.08400  0.08131 -0.78411
   0.07665  0.07813 -0.82231
   0.06983  0.07496 -0.85692
   0.06351  0.07183 -0.88805
   0.05764  0.06872 -0.91207
   0.05220  0.06564 -0.93435
   0.04715  0.06259 -0.94696
   0.04246  0.05956 -0.95394
   0.03810  0.05656 -0.95749
   0.03405  0.05359 -0.95013
   0.03029  0.05063 -0.93684
   0.02680  0.04769 -0.92508
   0.02356  0.04477 -0.89313
   0.02057  0.04187 -0.86855
   0.01782  0.03897 -0.82159
   0.01528  0.03609 -0.77306
   0.01295  0.03322 -0.71819
   0.01083  0.03035 -0.64776
   0.00892  0.02750 -0.58364
   0.00720  0.02466 -0.49031
   0.00567  0.02182 -0.39015
   0.00433  0.01900 -0.29511
   0.00317  0.01620 -0.17904
   0.00220  0.01342 -0.07077
   0.00141  0.01066  0.03976
   0.00080  0.00793  0.16671
   0.00037  0.00524  0.29631
   0.00010  0.00259  0.40853
  -0.00000 -0.00004  0.51120
   0.00006 -0.00265  0.61813
   0.00030 -0.00528  0.70607
   0.00072 -0.00795  0.80254
   0.00132 -0.01064  0.86828
   0.00212 -0.01333  0.92939
   0.00312 -0.01603  0.96981
   0.00433 -0.01871  0.99260
   0.00573 -0.02138  0.99996
   0.00735 -0.02402  0.99122
   0.00916 -0.02662  0.97126
   0.01119 -0.02919  0.93813
   0.01342 -0.03172  0.89841
   0.01586 -0.03421  0.85012
   0.01852 -0.03664  0.79256
   0.02139 -0.03903  0.73832
   0.02448 -0.04137  0.68282
   0.02781 -0.04365  0.62391
   0.03137 -0.04588  0.56426
   0.03519 -0.04806  0.50665
   0.03927 -0.05019  0.45410
   0.04362 -0.05226  0.39882
   0.04828 -0.05429  0.34636
   0.05326 -0.05626  0.30068
   0.05859 -0.05817  0.25835
   0.06430 -0.06003  0.21648
   0.07042 -0.06184  0.17895
   0.07700 -0.06359  0.14325
   0.08408 -0.06527  0.11226
   0.09170 -0.06689  0.07913
   0.09994 -0.06843  0.05232
   0.10884 -0.06989  0.02938
   0.11848 -0.07126  0.00489
   0.12893 -0.07252 -0.01305
   0.14025 -0.07367 -0.03442
   0.15251 -0.07467 -0.04693
   0.16575 -0.07553 -0.06039
   0.18003 -0.07621 -0.07091
   0.19535 -0.07671 -0.08234
   0.21171 -0.07700 -0.09148
   0.22908 -0.07708 -0.09750
   0.24739 -0.07694 -0.10359
   0.26656 -0.07659 -0.10825
   0.28652 -0.07602 -0.11231
   0.30716 -0.07525 -0.11651
   0.32839 -0.07430 -0.11910
   0.35011 -0.07317 -0.12334
   0.37222 -0.07189 -0.12667
   0.39465 -0.07046 -0.13032
   0.41737 -0.06889 -0.13361
   0.44033 -0.06720 -0.13735
   0.46349 -0.06539 -0.14070
   0.48685 -0.06348 -0.14424
   0.51037 -0.06148 -0.14841
   0.53401 -0.05941 -0.15294
   0.55774 -0.05727 -0.15785
   0.58154 -0.05506 -0.16330
   0.60540 -0.05279 -0.16921
   0.62931 -0.05046 -0.17548
   0.65325 -0.04808 -0.18224
   0.67722 -0.04565 -0.18949
   0.70121 -0.04318 -0.19736
   0.72519 -0.04066 -0.20596
   0.74914 -0.03810 -0.21518
   0.77303 -0.03552 -0.22525
   0.79678 -0.03292 -0.23643
   0.82032 -0.03031 -0.24868
   0.84349 -0.02772 -0.26234
   0.86613 -0.02517 -0.27742
   0.88800 -0.02267 -0.29378
   0.90885 -0.02027 -0.31096
   0.92840 -0.01799 -0.32796
   0.94649 -0.01583 -0.34195
   0.96301 -0.01378 -0.34854
   0.97799 -0.01179 -0.33466
   0.99159 -0.00970 -0.30513
   1.00000 -0.00794 -0.27757
