#      x          Cp  
     1.00000   -0.18428
     0.99075   -0.18653
     0.97930   -0.18994
     0.96707   -0.19370
     0.95402   -0.19785
     0.94013   -0.20244
     0.92542   -0.20751
     0.90992   -0.21310
     0.89369   -0.21921
     0.87680   -0.22589
     0.85933   -0.23317
     0.84136   -0.24109
     0.82296   -0.24966
     0.80421   -0.25896
     0.78517   -0.26903
     0.76590   -0.27995
     0.74643   -0.29179
     0.72681   -0.30465
     0.70707   -0.31867
     0.68724   -0.33399
     0.66734   -0.35080
     0.64740   -0.36933
     0.62742   -0.38987
     0.60743   -0.41278
     0.58744   -0.43852
     0.56746   -0.46772
     0.54750   -0.50119
     0.52758   -0.54057
     0.50769   -0.58772
     0.48784   -0.64567
     0.46803   -0.72233
     0.44827   -0.82952
     0.42857   -0.80255
     0.40896   -0.80414
     0.38945   -0.80461
     0.37007   -0.80506
     0.35086   -0.80552
     0.33185   -0.80600
     0.31309   -0.80653
     0.29465   -0.80716
     0.27659   -0.80795
     0.25896   -0.80899
     0.24184   -0.81042
     0.22528   -0.81243
     0.20935   -0.81530
     0.19411   -0.81941
     0.17959   -0.82526
     0.16584   -0.83350
     0.15288   -0.84495
     0.14072   -0.86060
     0.12934   -0.88156
     0.11874   -0.90866
     0.10888   -0.94154
     0.09973   -0.97931
     0.09124   -1.02137
     0.08337   -1.06533
     0.07608   -1.10852
     0.06932   -1.14893
     0.06305   -1.18516
     0.05723   -1.21637
     0.05183   -1.24214
     0.04682   -1.26222
     0.04216   -1.27655
     0.03783   -1.28475
     0.03381   -1.28658
     0.03007   -1.28155
     0.02661   -1.26937
     0.02340   -1.24960
     0.02042   -1.22187
     0.01768   -1.18539
     0.01516   -1.13972
     0.01285   -1.08433
     0.01075   -1.01887
     0.00884   -0.94260
     0.00713   -0.85544
     0.00561   -0.75779
     0.00428   -0.65024
     0.00314   -0.53321
     0.00218   -0.40768
     0.00139   -0.27584
     0.00079   -0.14018
     0.00036   -0.00332
     0.00010    0.13265
     0.00000    0.26603
     0.00007    0.39544
     0.00030    0.51899
     0.00072    0.63339
     0.00133    0.73563
     0.00212    0.82288
     0.00312    0.89354
     0.00432    0.94566
     0.00573    0.98007
     0.00733    0.99718
     0.00915    0.99903
     0.01116    0.98725
     0.01339    0.96363
     0.01582    0.93098
     0.01846    0.89073
     0.02132    0.84535
     0.02441    0.79599
     0.02772    0.74444
     0.03127    0.69172
     0.03506    0.63896
     0.03912    0.58678
     0.04346    0.53579
     0.04810    0.48655
     0.05306    0.43940
     0.05836    0.39453
     0.06404    0.35198
     0.07013    0.31185
     0.07667    0.27421
     0.08371    0.23909
     0.09129    0.20643
     0.09947    0.17613
     0.10832    0.14821
     0.11789    0.12257
     0.12827    0.09920
     0.13951    0.07793
     0.15167    0.05888
     0.16482    0.04177
     0.17899    0.02668
     0.19420    0.01333
     0.21044    0.00180
     0.22769   -0.00832
     0.24587   -0.01694
     0.26493   -0.02442
     0.28476   -0.03102
     0.30528   -0.03688
     0.32639   -0.04218
     0.34800   -0.04759
     0.37000   -0.05269
     0.39234   -0.05782
     0.41495   -0.06252
     0.43780   -0.06711
     0.46087   -0.07162
     0.48412   -0.07595
     0.50754   -0.08069
     0.53108   -0.08569
     0.55472   -0.09097
     0.57843   -0.09675
     0.60220   -0.10291
     0.62601   -0.10926
     0.64987   -0.11598
     0.67375   -0.12302
     0.69764   -0.13091
     0.72154   -0.13926
     0.74541   -0.14793
     0.76923   -0.15701
     0.79292   -0.16704
     0.81641   -0.17808
     0.83958   -0.18985
     0.86224   -0.20299
     0.88419   -0.21735
     0.90516   -0.23217
     0.92490   -0.24477
     0.94321   -0.25383
     0.95998   -0.25558
     0.97520   -0.23636
     0.98901   -0.21146
     1.00000   -0.19613
