OSV_root                                        
 Alfa =   9.46535 Re =    34977.281 Xflap,Yflap =     0.000000    0.000000
#    x        y        Cp  
   1.00000 -0.00632 -0.17613
   0.99274 -0.00200 -0.17788
   0.98113  0.00381 -0.18164
   0.96871  0.00941 -0.18584
   0.95544  0.01497 -0.19055
   0.94129  0.02054 -0.19581
   0.92627  0.02615 -0.20166
   0.91044  0.03176 -0.20816
   0.89384  0.03737 -0.21536
   0.87657  0.04293 -0.22331
   0.85870  0.04843 -0.23209
   0.84033  0.05382 -0.24176
   0.82154  0.05908 -0.25243
   0.80240  0.06420 -0.26421
   0.78299  0.06914 -0.27726
   0.76335  0.07391 -0.29173
   0.74353  0.07847 -0.30779
   0.72357  0.08284 -0.32569
   0.70350  0.08699 -0.34567
   0.68335  0.09092 -0.36817
   0.66314  0.09463 -0.39381
   0.64289  0.09812 -0.42317
   0.62262  0.10137 -0.45866
   0.60234  0.10438 -0.50196
   0.58207  0.10716 -0.55782
   0.56182  0.10969 -0.64643
   0.54159  0.11197 -0.62444
   0.52140  0.11400 -0.62466
   0.50125  0.11577 -0.62491
   0.48114  0.11729 -0.62516
   0.46108  0.11854 -0.62540
   0.44109  0.11954 -0.62566
   0.42117  0.12028 -0.62595
   0.40134  0.12075 -0.62630
   0.38164  0.12097 -0.62673
   0.36209  0.12091 -0.62727
   0.34273  0.12060 -0.62797
   0.32360  0.12003 -0.62891
   0.30476  0.11919 -0.63022
   0.28628  0.11811 -0.63198
   0.26821  0.11677 -0.63445
   0.25063  0.11519 -0.63792
   0.23360  0.11338 -0.64277
   0.21719  0.11134 -0.64949
   0.20146  0.10910 -0.65883
   0.18646  0.10667 -0.67161
   0.17223  0.10409 -0.68881
   0.15880  0.10137 -0.71141
   0.14619  0.09854 -0.73965
   0.13439  0.09563 -0.77253
   0.12339  0.09266 -0.80965
   0.11316  0.08965 -0.85011
   0.10366  0.08661 -0.89029
   0.09486  0.08357 -0.92906
   0.08670  0.08052 -0.96265
   0.07913  0.07748 -0.99377
   0.07213  0.07446 -1.01894
   0.06563  0.07145 -1.03972
   0.05960  0.06846 -1.05566
   0.05401  0.06549 -1.06502
   0.04881  0.06254 -1.06978
   0.04399  0.05961 -1.07111
   0.03950  0.05669 -1.06913
   0.03534  0.05379 -1.05464
   0.03146  0.05090 -1.03598
   0.02787  0.04803 -1.00879
   0.02454  0.04516 -0.97947
   0.02145  0.04230 -0.93869
   0.01861  0.03945 -0.88573
   0.01599  0.03660 -0.83326
   0.01358  0.03376 -0.76089
   0.01139  0.03092 -0.69548
   0.00940  0.02808 -0.60419
   0.00761  0.02525 -0.51644
   0.00602  0.02243 -0.41486
   0.00463  0.01961 -0.30323
   0.00342  0.01681 -0.17863
   0.00240  0.01402 -0.04723
   0.00157  0.01126  0.06444
   0.00091  0.00852  0.17365
   0.00044  0.00581  0.32121
   0.00014  0.00315  0.43707
   0.00001  0.00053  0.53502
   0.00004 -0.00207  0.64554
   0.00024 -0.00469  0.74520
   0.00062 -0.00736  0.82085
   0.00119 -0.01006  0.88866
   0.00195 -0.01277  0.94355
   0.00290 -0.01549  0.97666
   0.00407 -0.01820  0.99664
   0.00543 -0.02089  0.99750
   0.00700 -0.02357  0.98678
   0.00877 -0.02622  0.95955
   0.01075 -0.02884  0.92563
   0.01294 -0.03143  0.87556
   0.01534 -0.03398  0.82256
   0.01796 -0.03648  0.76565
   0.02079 -0.03895  0.70639
   0.02386 -0.04136  0.65267
   0.02715 -0.04374  0.58084
   0.03069 -0.04606  0.52322
   0.03448 -0.04835  0.46624
   0.03855 -0.05058  0.40744
   0.04289 -0.05277  0.35975
   0.04754 -0.05492  0.30097
   0.05252 -0.05701  0.24962
   0.05785 -0.05907  0.20839
   0.06357 -0.06107  0.16489
   0.06970 -0.06303  0.12881
   0.07630 -0.06494  0.09011
   0.08340 -0.06679  0.05910
   0.09105 -0.06859  0.02825
   0.09931 -0.07032  0.00011
   0.10824 -0.07198 -0.02570
   0.11791 -0.07355 -0.04756
   0.12837 -0.07503 -0.06793
   0.13969 -0.07640 -0.08292
   0.15193 -0.07765 -0.09817
   0.16513 -0.07875 -0.11296
   0.17932 -0.07969 -0.12284
   0.19452 -0.08044 -0.13272
   0.21070 -0.08101 -0.13998
   0.22784 -0.08137 -0.14660
   0.24586 -0.08151 -0.15034
   0.26469 -0.08144 -0.15521
   0.28426 -0.08115 -0.15736
   0.30446 -0.08065 -0.15993
   0.32520 -0.07997 -0.16109
   0.34641 -0.07910 -0.16277
   0.36798 -0.07806 -0.16591
   0.38985 -0.07685 -0.16782
   0.41197 -0.07549 -0.16954
   0.43431 -0.07398 -0.17005
   0.45683 -0.07233 -0.17120
   0.47953 -0.07056 -0.17228
   0.50236 -0.06866 -0.17439
   0.52532 -0.06666 -0.17538
   0.54836 -0.06456 -0.17724
   0.57147 -0.06237 -0.17895
   0.59463 -0.06008 -0.18126
   0.61784 -0.05771 -0.18352
   0.64108 -0.05525 -0.18600
   0.66435 -0.05271 -0.18883
   0.68762 -0.05009 -0.19141
   0.71089 -0.04740 -0.19435
   0.73414 -0.04464 -0.19730
   0.75733 -0.04182 -0.20070
   0.78043 -0.03894 -0.20479
   0.80336 -0.03602 -0.20918
   0.82605 -0.03307 -0.21406
   0.84834 -0.03011 -0.21867
   0.87010 -0.02716 -0.22326
   0.89110 -0.02424 -0.22698
   0.91114 -0.02140 -0.23036
   0.92999 -0.01866 -0.23175
   0.94750 -0.01602 -0.22887
   0.96359 -0.01349 -0.22090
   0.97827 -0.01101 -0.20320
   0.99168 -0.00842 -0.18345
   1.00000 -0.00632 -0.17613
