OSV_root                                        
 Alfa =   9.31418 Re =    24147.787 Xflap,Yflap =     0.000000    0.000000
#    x        y        Cp  
   1.00000 -0.00644 -0.26990
   0.99275 -0.00210 -0.27268
   0.98116  0.00374 -0.27809
   0.96876  0.00937 -0.28423
   0.95551  0.01495 -0.29123
   0.94138  0.02055 -0.29924
   0.92640  0.02617 -0.30847
   0.91059  0.03181 -0.31921
   0.89402  0.03744 -0.33188
   0.87678  0.04303 -0.34719
   0.85894  0.04854 -0.36673
   0.84060  0.05396 -0.39820
   0.82184  0.05924 -0.40194
   0.80273  0.06438 -0.40203
   0.78334  0.06934 -0.40211
   0.76372  0.07413 -0.40218
   0.74393  0.07871 -0.40224
   0.72399  0.08309 -0.40229
   0.70394  0.08726 -0.40232
   0.68381  0.09121 -0.40234
   0.66361  0.09494 -0.40234
   0.64338  0.09844 -0.40234
   0.62313  0.10170 -0.40232
   0.60287  0.10472 -0.40229
   0.58261  0.10751 -0.40226
   0.56237  0.11005 -0.40222
   0.54216  0.11234 -0.40217
   0.52198  0.11438 -0.40214
   0.50184  0.11616 -0.40212
   0.48175  0.11768 -0.40212
   0.46171  0.11894 -0.40214
   0.44172  0.11994 -0.40223
   0.42181  0.12068 -0.40236
   0.40200  0.12116 -0.40262
   0.38231  0.12137 -0.40298
   0.36277  0.12131 -0.40353
   0.34341  0.12100 -0.40432
   0.32428  0.12042 -0.40545
   0.30544  0.11959 -0.40707
   0.28695  0.11850 -0.40933
   0.26888  0.11716 -0.41256
   0.25130  0.11557 -0.41699
   0.23426  0.11375 -0.42319
   0.21783  0.11171 -0.43164
   0.20208  0.10946 -0.44325
   0.18705  0.10703 -0.45865
   0.17280  0.10443 -0.47883
   0.15934  0.10171 -0.50386
   0.14670  0.09887 -0.53305
   0.13487  0.09595 -0.56611
   0.12384  0.09297 -0.60188
   0.11358  0.08994 -0.63675
   0.10406  0.08690 -0.67097
   0.09522  0.08384 -0.70031
   0.08704  0.08078 -0.72722
   0.07945  0.07773 -0.74948
   0.07242  0.07470 -0.76572
   0.06591  0.07168 -0.77830
   0.05986  0.06868 -0.78410
   0.05425  0.06570 -0.78671
   0.04904  0.06274 -0.78358
   0.04420  0.05980 -0.77495
   0.03970  0.05688 -0.76501
   0.03552  0.05397 -0.74251
   0.03164  0.05108 -0.71780
   0.02803  0.04820 -0.68680
   0.02469  0.04533 -0.64601
   0.02160  0.04247 -0.60089
   0.01874  0.03961 -0.54698
   0.01611  0.03676 -0.49371
   0.01370  0.03391 -0.42052
   0.01149  0.03107 -0.33947
   0.00950  0.02824 -0.26964
   0.00770  0.02540 -0.16604
   0.00610  0.02258 -0.07457
   0.00469  0.01976  0.02793
   0.00348  0.01696  0.12599
   0.00245  0.01417  0.24332
   0.00161  0.01141  0.35143
   0.00095  0.00867  0.46051
   0.00046  0.00596  0.54809
   0.00015  0.00329  0.64693
   0.00001  0.00067  0.74489
   0.00003 -0.00193  0.81718
   0.00023 -0.00456  0.88258
   0.00059 -0.00722  0.93077
   0.00115 -0.00992  0.97093
   0.00190 -0.01263  0.99290
   0.00285 -0.01534  0.99991
   0.00400 -0.01805  0.98887
   0.00535 -0.02075  0.96057
   0.00691 -0.02342  0.92995
   0.00867 -0.02607  0.88872
   0.01064 -0.02869  0.81641
   0.01282 -0.03128  0.76180
   0.01521 -0.03382  0.70326
   0.01781 -0.03633  0.62682
   0.02064 -0.03879  0.55580
   0.02368 -0.04120  0.49023
   0.02696 -0.04357  0.42466
   0.03049 -0.04590  0.35933
   0.03426 -0.04817  0.29528
   0.03831 -0.05041  0.23605
   0.04263 -0.05259  0.18150
   0.04726 -0.05473  0.13159
   0.05222 -0.05682  0.08809
   0.05752 -0.05887  0.04447
   0.06321 -0.06087  0.00206
   0.06931 -0.06282 -0.03339
   0.07587 -0.06472 -0.06735
   0.08293 -0.06657 -0.09711
   0.09054 -0.06835 -0.12528
   0.09876 -0.07008 -0.14874
   0.10764 -0.07173 -0.16915
   0.11724 -0.07329 -0.18604
   0.12765 -0.07476 -0.20167
   0.13890 -0.07613 -0.21440
   0.15108 -0.07737 -0.22610
   0.16421 -0.07846 -0.23473
   0.17834 -0.07939 -0.24213
   0.19347 -0.08015 -0.24628
   0.20960 -0.08071 -0.25077
   0.22668 -0.08106 -0.25293
   0.24466 -0.08120 -0.25414
   0.26346 -0.08112 -0.25533
   0.28300 -0.08083 -0.25523
   0.30319 -0.08034 -0.25492
   0.32393 -0.07964 -0.25416
   0.34514 -0.07877 -0.25417
   0.36672 -0.07773 -0.25401
   0.38861 -0.07652 -0.25381
   0.41075 -0.07515 -0.25409
   0.43312 -0.07364 -0.25405
   0.45568 -0.07199 -0.25407
   0.47841 -0.07021 -0.25465
   0.50128 -0.06832 -0.25502
   0.52427 -0.06632 -0.25572
   0.54735 -0.06422 -0.25707
   0.57051 -0.06203 -0.25855
   0.59372 -0.05975 -0.26033
   0.61697 -0.05739 -0.26263
   0.64026 -0.05494 -0.26500
   0.66357 -0.05241 -0.26778
   0.68689 -0.04981 -0.27091
   0.71021 -0.04713 -0.27432
   0.73351 -0.04439 -0.27822
   0.75676 -0.04158 -0.28260
   0.77991 -0.03873 -0.28737
   0.80290 -0.03583 -0.29268
   0.82564 -0.03290 -0.29857
   0.84800 -0.02996 -0.30488
   0.86981 -0.02703 -0.31157
   0.89088 -0.02415 -0.31825
   0.91097 -0.02134 -0.32424
   0.92987 -0.01862 -0.32839
   0.94742 -0.01602 -0.32881
   0.96354 -0.01352 -0.32316
   0.97825 -0.01107 -0.30637
   0.99167 -0.00851 -0.28458
   1.00000 -0.00644 -0.26990
