Rotor_mean                                      
 Alfa =   8.43377 Re =    19595.672 Xflap,Yflap =     0.000000    0.000000
#    x        y        Cp  
   1.00000 -0.00361 -0.31382
   0.99389 -0.00043 -0.31322
   0.98399  0.00439 -0.31298
   0.97321  0.00926 -0.31276
   0.96156  0.01415 -0.31257
   0.94909  0.01902 -0.31238
   0.93585  0.02385 -0.31221
   0.92193  0.02860 -0.31205
   0.90740  0.03324 -0.31189
   0.89236  0.03775 -0.31175
   0.87687  0.04211 -0.31161
   0.86100  0.04632 -0.31148
   0.84480  0.05036 -0.31135
   0.82834  0.05424 -0.31124
   0.81164  0.05795 -0.31113
   0.79473  0.06149 -0.31103
   0.77766  0.06486 -0.31093
   0.76043  0.06807 -0.31085
   0.74308  0.07112 -0.31077
   0.72561  0.07400 -0.31070
   0.70804  0.07673 -0.31064
   0.69040  0.07930 -0.31059
   0.67268  0.08171 -0.31056
   0.65490  0.08397 -0.31054
   0.63707  0.08608 -0.31054
   0.61921  0.08804 -0.31057
   0.60131  0.08984 -0.31062
   0.58338  0.09149 -0.31070
   0.56544  0.09298 -0.31083
   0.54749  0.09433 -0.31101
   0.52954  0.09551 -0.31126
   0.51160  0.09655 -0.31159
   0.49366  0.09742 -0.31201
   0.47572  0.09813 -0.31257
   0.45780  0.09869 -0.31328
   0.43990  0.09908 -0.31419
   0.42203  0.09931 -0.31535
   0.40421  0.09938 -0.31683
   0.38645  0.09928 -0.31872
   0.36875  0.09901 -0.32112
   0.35115  0.09855 -0.32418
   0.33363  0.09792 -0.32811
   0.31621  0.09709 -0.33313
   0.29889  0.09607 -0.33952
   0.28167  0.09485 -0.34773
   0.26459  0.09343 -0.35816
   0.24767  0.09181 -0.37139
   0.23094  0.08998 -0.38803
   0.21443  0.08795 -0.40838
   0.19820  0.08570 -0.43229
   0.18231  0.08326 -0.46005
   0.16683  0.08061 -0.49155
   0.15184  0.07779 -0.52504
   0.13747  0.07479 -0.56005
   0.12381  0.07167 -0.59493
   0.11098  0.06845 -0.62793
   0.09906  0.06518 -0.65870
   0.08812  0.06191 -0.68709
   0.07817  0.05866 -0.71158
   0.06919  0.05549 -0.73374
   0.06114  0.05239 -0.75191
   0.05393  0.04940 -0.76518
   0.04748  0.04651 -0.77150
   0.04172  0.04372 -0.78209
   0.03655  0.04102 -0.77940
   0.03191  0.03840 -0.77849
   0.02773  0.03586 -0.77029
   0.02397  0.03339 -0.75355
   0.02057  0.03097 -0.72989
   0.01751  0.02859 -0.70563
   0.01474  0.02626 -0.67080
   0.01225  0.02395 -0.61861
   0.01002  0.02167 -0.56458
   0.00803  0.01940 -0.49007
   0.00628  0.01715 -0.40436
   0.00474  0.01490 -0.29382
   0.00343  0.01266 -0.17744
   0.00233  0.01043 -0.04387
   0.00145  0.00821  0.11092
   0.00078  0.00601  0.26274
   0.00033  0.00384  0.42480
   0.00007  0.00172  0.54978
   0.00000 -0.00037  0.68461
   0.00012 -0.00247  0.80044
   0.00043 -0.00460  0.88727
   0.00094 -0.00675  0.96562
   0.00168 -0.00891  0.99535
   0.00264 -0.01106  0.99934
   0.00384 -0.01318  0.97964
   0.00527 -0.01527  0.92314
   0.00695 -0.01730  0.86941
   0.00886 -0.01929  0.79834
   0.01102 -0.02122  0.71482
   0.01342 -0.02309  0.64604
   0.01607 -0.02492  0.57498
   0.01900 -0.02670  0.49997
   0.02220 -0.02843  0.43793
   0.02573 -0.03014  0.37609
   0.02959 -0.03181  0.32446
   0.03385 -0.03345  0.27065
   0.03853 -0.03508  0.22446
   0.04372 -0.03668  0.18320
   0.04948 -0.03827  0.14889
   0.05589 -0.03984  0.11488
   0.06307 -0.04140  0.08445
   0.07110 -0.04293  0.05612
   0.08010 -0.04443  0.03418
   0.09018 -0.04587  0.01280
   0.10140 -0.04725 -0.00771
   0.11379 -0.04853 -0.02608
   0.12731 -0.04969 -0.03902
   0.14186 -0.05071 -0.05426
   0.15732 -0.05157 -0.06378
   0.17353 -0.05226 -0.07286
   0.19035 -0.05278 -0.08181
   0.20763 -0.05314 -0.08903
   0.22529 -0.05335 -0.09542
   0.24323 -0.05342 -0.10083
   0.26141 -0.05336 -0.10517
   0.27977 -0.05317 -0.11012
   0.29828 -0.05287 -0.11402
   0.31692 -0.05246 -0.11744
   0.33568 -0.05196 -0.12056
   0.35454 -0.05137 -0.12331
   0.37352 -0.05070 -0.12583
   0.39261 -0.04996 -0.12797
   0.41181 -0.04916 -0.13026
   0.43110 -0.04832 -0.13299
   0.45048 -0.04743 -0.13590
   0.46991 -0.04652 -0.13903
   0.48941 -0.04558 -0.14259
   0.50893 -0.04463 -0.14741
   0.52847 -0.04365 -0.15234
   0.54801 -0.04267 -0.15810
   0.56754 -0.04166 -0.16470
   0.58705 -0.04064 -0.17173
   0.60654 -0.03960 -0.17941
   0.62600 -0.03854 -0.18772
   0.64542 -0.03746 -0.19669
   0.66480 -0.03634 -0.20624
   0.68413 -0.03520 -0.21617
   0.70341 -0.03402 -0.22697
   0.72263 -0.03280 -0.23815
   0.74178 -0.03154 -0.24989
   0.76085 -0.03023 -0.26225
   0.77982 -0.02887 -0.27512
   0.79869 -0.02745 -0.28841
   0.81742 -0.02596 -0.30215
   0.83599 -0.02440 -0.31620
   0.85435 -0.02276 -0.33018
   0.87246 -0.02104 -0.34407
   0.89022 -0.01922 -0.35718
   0.90753 -0.01733 -0.36886
   0.92426 -0.01534 -0.37810
   0.94023 -0.01329 -0.38347
   0.95525 -0.01120 -0.38324
   0.96915 -0.00908 -0.37592
   0.98180 -0.00699 -0.35903
   0.99314 -0.00494 -0.33765
   1.00000 -0.00361 -0.31382
