Rotor_tip                                       
 Alfa =   9.04243 Re =    30360.992 Xflap,Yflap =     0.000000    0.000000
#    x        y        Cp  
   1.00000 -0.00386 -0.18137
   0.99392 -0.00061 -0.18317
   0.98407  0.00430 -0.18685
   0.97334  0.00926 -0.19103
   0.96176  0.01425 -0.19576
   0.94936  0.01921 -0.20105
   0.93621  0.02413 -0.20693
   0.92237  0.02897 -0.21344
   0.90794  0.03369 -0.22059
   0.89300  0.03829 -0.22842
   0.87760  0.04274 -0.23697
   0.86183  0.04703 -0.24628
   0.84574  0.05116 -0.25640
   0.82937  0.05512 -0.26741
   0.81276  0.05890 -0.27937
   0.79596  0.06252 -0.29239
   0.77897  0.06597 -0.30660
   0.76184  0.06924 -0.32225
   0.74458  0.07236 -0.33960
   0.72720  0.07531 -0.35878
   0.70972  0.07810 -0.38014
   0.69216  0.08072 -0.40420
   0.67453  0.08319 -0.43172
   0.65684  0.08550 -0.46401
   0.63909  0.08766 -0.50336
   0.62131  0.08966 -0.55830
   0.60349  0.09150 -0.56794
   0.58565  0.09318 -0.56832
   0.56779  0.09471 -0.56869
   0.54992  0.09609 -0.56905
   0.53205  0.09730 -0.56943
   0.51418  0.09836 -0.56983
   0.49632  0.09925 -0.57026
   0.47846  0.09998 -0.57075
   0.46061  0.10054 -0.57129
   0.44278  0.10095 -0.57192
   0.42498  0.10119 -0.57267
   0.40723  0.10126 -0.57354
   0.38952  0.10116 -0.57462
   0.37189  0.10088 -0.57591
   0.35434  0.10043 -0.57752
   0.33687  0.09978 -0.57953
   0.31950  0.09895 -0.58210
   0.30222  0.09792 -0.58537
   0.28505  0.09669 -0.58960
   0.26800  0.09526 -0.59503
   0.25111  0.09362 -0.60205
   0.23439  0.09178 -0.61116
   0.21789  0.08973 -0.62302
   0.20165  0.08747 -0.63848
   0.18573  0.08500 -0.65831
   0.17019  0.08233 -0.68336
   0.15513  0.07947 -0.71377
   0.14063  0.07644 -0.74927
   0.12682  0.07327 -0.78943
   0.11380  0.06999 -0.83337
   0.10166  0.06666 -0.87868
   0.09048  0.06330 -0.92207
   0.08028  0.05997 -0.96524
   0.07107  0.05671 -1.00520
   0.06279  0.05352 -1.04313
   0.05538  0.05044 -1.07646
   0.04875  0.04747 -1.10664
   0.04282  0.04460 -1.13440
   0.03751  0.04183 -1.15880
   0.03276  0.03915 -1.17486
   0.02848  0.03655 -1.18942
   0.02463  0.03402 -1.19829
   0.02116  0.03156 -1.19770
   0.01803  0.02914 -1.19516
   0.01520  0.02677 -1.17582
   0.01266  0.02444 -1.15642
   0.01038  0.02213 -1.11207
   0.00835  0.01984 -1.05872
   0.00656  0.01756 -0.99507
   0.00498  0.01530 -0.90359
   0.00363  0.01305 -0.78848
   0.00250  0.01081 -0.65116
   0.00158  0.00858 -0.50529
   0.00088  0.00637 -0.31217
   0.00039  0.00419 -0.12106
   0.00010  0.00206  0.05850
  -0.00000 -0.00003  0.24411
   0.00009 -0.00212  0.44530
   0.00037 -0.00425  0.60095
   0.00085 -0.00641  0.75804
   0.00155 -0.00857  0.85095
   0.00248 -0.01072  0.92972
   0.00364 -0.01285  0.98435
   0.00505 -0.01494  0.99962
   0.00669 -0.01698  0.98758
   0.00858 -0.01897  0.95691
   0.01071 -0.02090  0.91508
   0.01308 -0.02277  0.85819
   0.01571 -0.02459  0.79920
   0.01860 -0.02636  0.74087
   0.02178 -0.02809  0.68455
   0.02527 -0.02977  0.62077
   0.02911 -0.03142  0.56982
   0.03332 -0.03305  0.51682
   0.03796 -0.03464  0.46666
   0.04310 -0.03621  0.41846
   0.04880 -0.03777  0.38027
   0.05515 -0.03930  0.33858
   0.06224 -0.04081  0.30329
   0.07019 -0.04229  0.26710
   0.07911 -0.04374  0.23509
   0.08909 -0.04513  0.20700
   0.10022 -0.04644  0.18111
   0.11252 -0.04766  0.15747
   0.12596 -0.04875  0.13438
   0.14046 -0.04970  0.11495
   0.15588 -0.05049  0.10003
   0.17206 -0.05112  0.08431
   0.18885 -0.05157  0.07028
   0.20613 -0.05187  0.05999
   0.22379 -0.05201  0.04926
   0.24173 -0.05201  0.04082
   0.25992 -0.05189  0.03217
   0.27828 -0.05164  0.02507
   0.29680 -0.05129  0.01883
   0.31545 -0.05083  0.01284
   0.33421 -0.05029  0.00755
   0.35309 -0.04965  0.00312
   0.37207 -0.04894 -0.00088
   0.39117 -0.04817 -0.00508
   0.41038 -0.04734 -0.00813
   0.42969 -0.04647 -0.01221
   0.44908 -0.04557 -0.01586
   0.46853 -0.04464 -0.02040
   0.48804 -0.04370 -0.02446
   0.50758 -0.04274 -0.02999
   0.52715 -0.04177 -0.03562
   0.54671 -0.04080 -0.04190
   0.56626 -0.03981 -0.04865
   0.58580 -0.03881 -0.05614
   0.60530 -0.03780 -0.06395
   0.62478 -0.03678 -0.07227
   0.64423 -0.03574 -0.08098
   0.66363 -0.03467 -0.09024
   0.68299 -0.03358 -0.09989
   0.70229 -0.03246 -0.11013
   0.72154 -0.03131 -0.12054
   0.74072 -0.03012 -0.13151
   0.75982 -0.02889 -0.14278
   0.77884 -0.02761 -0.15456
   0.79774 -0.02628 -0.16641
   0.81652 -0.02488 -0.17871
   0.83514 -0.02342 -0.19097
   0.85357 -0.02189 -0.20314
   0.87174 -0.02027 -0.21492
   0.88958 -0.01858 -0.22580
   0.90699 -0.01679 -0.23511
   0.92381 -0.01493 -0.24177
   0.93988 -0.01300 -0.24458
   0.95500 -0.01103 -0.24189
   0.96899 -0.00903 -0.23259
   0.98171 -0.00705 -0.21521
   0.99312 -0.00511 -0.19581
   1.00000 -0.00386 -0.18137
