Rotor_mean                                      
 Alfa =   8.43601 Re =    21369.150 Xflap,Yflap =     0.000000    0.000000
#    x        y        Cp  
   1.00000 -0.00361 -0.31597
   0.99389 -0.00043 -0.31537
   0.98399  0.00440 -0.31513
   0.97321  0.00926 -0.31492
   0.96156  0.01415 -0.31473
   0.94909  0.01903 -0.31455
   0.93585  0.02385 -0.31439
   0.92193  0.02860 -0.31423
   0.90740  0.03324 -0.31408
   0.89236  0.03775 -0.31393
   0.87687  0.04212 -0.31380
   0.86100  0.04633 -0.31367
   0.84480  0.05037 -0.31354
   0.82833  0.05425 -0.31342
   0.81163  0.05796 -0.31331
   0.79472  0.06150 -0.31321
   0.77764  0.06488 -0.31311
   0.76041  0.06809 -0.31301
   0.74305  0.07114 -0.31292
   0.72558  0.07402 -0.31284
   0.70801  0.07675 -0.31277
   0.69035  0.07932 -0.31270
   0.67263  0.08174 -0.31265
   0.65485  0.08400 -0.31261
   0.63701  0.08611 -0.31258
   0.61914  0.08806 -0.31257
   0.60123  0.08986 -0.31258
   0.58330  0.09151 -0.31262
   0.56536  0.09301 -0.31270
   0.54740  0.09435 -0.31282
   0.52945  0.09554 -0.31299
   0.51149  0.09657 -0.31324
   0.49355  0.09744 -0.31357
   0.47561  0.09815 -0.31401
   0.45768  0.09871 -0.31459
   0.43978  0.09910 -0.31534
   0.42190  0.09933 -0.31632
   0.40408  0.09940 -0.31757
   0.38631  0.09929 -0.31921
   0.36861  0.09902 -0.32130
   0.35100  0.09857 -0.32402
   0.33348  0.09793 -0.32751
   0.31605  0.09710 -0.33203
   0.29873  0.09607 -0.33786
   0.28151  0.09485 -0.34538
   0.26443  0.09343 -0.35507
   0.24751  0.09181 -0.36747
   0.23077  0.08998 -0.38327
   0.21427  0.08794 -0.40287
   0.19804  0.08569 -0.42626
   0.18215  0.08324 -0.45366
   0.16667  0.08060 -0.48469
   0.15170  0.07777 -0.51871
   0.13733  0.07477 -0.55389
   0.12369  0.07165 -0.58853
   0.11087  0.06843 -0.62220
   0.09897  0.06517 -0.65315
   0.08804  0.06189 -0.68283
   0.07811  0.05865 -0.70532
   0.06915  0.05548 -0.72988
   0.06111  0.05239 -0.74770
   0.05391  0.04940 -0.76005
   0.04747  0.04651 -0.77112
   0.04171  0.04372 -0.77842
   0.03655  0.04102 -0.77800
   0.03191  0.03841 -0.77350
   0.02774  0.03587 -0.76422
   0.02398  0.03340 -0.75026
   0.02058  0.03098 -0.72879
   0.01752  0.02861 -0.70121
   0.01476  0.02627 -0.66331
   0.01227  0.02397 -0.61657
   0.01003  0.02168 -0.55384
   0.00804  0.01942 -0.49219
   0.00629  0.01716 -0.39916
   0.00475  0.01491 -0.29148
   0.00344  0.01267 -0.16644
   0.00234  0.01044 -0.03809
   0.00146  0.00823  0.10343
   0.00079  0.00602  0.25559
   0.00033  0.00385  0.40714
   0.00007  0.00173  0.55806
   0.00000 -0.00036  0.69092
   0.00012 -0.00246  0.80616
   0.00043 -0.00459  0.89750
   0.00094 -0.00675  0.96181
   0.00167 -0.00891  0.99235
   0.00264 -0.01106  0.99869
   0.00383 -0.01318  0.97079
   0.00527 -0.01526  0.92898
   0.00695 -0.01730  0.86891
   0.00886 -0.01928  0.79368
   0.01101 -0.02121  0.71674
   0.01341 -0.02308  0.63895
   0.01606 -0.02491  0.57063
   0.01898 -0.02669  0.50151
   0.02219 -0.02842  0.43465
   0.02571 -0.03012  0.37872
   0.02957 -0.03179  0.31720
   0.03382 -0.03344  0.27064
   0.03850 -0.03506  0.22382
   0.04368 -0.03666  0.18365
   0.04942 -0.03825  0.14856
   0.05582 -0.03982  0.11287
   0.06298 -0.04138  0.08180
   0.07099 -0.04290  0.05708
   0.07997 -0.04440  0.03258
   0.09002 -0.04585  0.01017
   0.10121 -0.04722 -0.00913
   0.11357 -0.04850 -0.02592
   0.12706 -0.04966 -0.04049
   0.14160 -0.05068 -0.05438
   0.15704 -0.05154 -0.06384
   0.17323 -0.05224 -0.07517
   0.19004 -0.05276 -0.08182
   0.20732 -0.05313 -0.08890
   0.22497 -0.05334 -0.09571
   0.24292 -0.05341 -0.10034
   0.26110 -0.05334 -0.10625
   0.27946 -0.05316 -0.11002
   0.29798 -0.05286 -0.11398
   0.31663 -0.05245 -0.11804
   0.33539 -0.05196 -0.12044
   0.35426 -0.05136 -0.12379
   0.37324 -0.05069 -0.12568
   0.39234 -0.04995 -0.12858
   0.41155 -0.04915 -0.13030
   0.43086 -0.04831 -0.13304
   0.45024 -0.04743 -0.13563
   0.46969 -0.04651 -0.13897
   0.48918 -0.04558 -0.14291
   0.50872 -0.04462 -0.14726
   0.52827 -0.04365 -0.15236
   0.54783 -0.04266 -0.15833
   0.56737 -0.04166 -0.16457
   0.58689 -0.04064 -0.17182
   0.60638 -0.03960 -0.17956
   0.62585 -0.03853 -0.18809
   0.64528 -0.03745 -0.19696
   0.66467 -0.03633 -0.20656
   0.68401 -0.03519 -0.21668
   0.70330 -0.03401 -0.22752
   0.72253 -0.03279 -0.23872
   0.74169 -0.03153 -0.25080
   0.76077 -0.03022 -0.26307
   0.77976 -0.02886 -0.27616
   0.79863 -0.02744 -0.28956
   0.81737 -0.02595 -0.30348
   0.83595 -0.02439 -0.31761
   0.85432 -0.02275 -0.33194
   0.87243 -0.02103 -0.34600
   0.89020 -0.01922 -0.35938
   0.90752 -0.01732 -0.37133
   0.92425 -0.01534 -0.38075
   0.94022 -0.01329 -0.38626
   0.95524 -0.01120 -0.38599
   0.96914 -0.00908 -0.37842
   0.98179 -0.00699 -0.36082
   0.99314 -0.00494 -0.33885
   1.00000 -0.00361 -0.31597
