Rotor_tip                                       
 Alfa =   9.05732 Re =    45188.738 Xflap,Yflap =     0.000000    0.000000
#    x        y        Cp  
   1.00000 -0.00387  0.07683
   0.99392 -0.00062  0.07771
   0.98407  0.00430  0.07738
   0.97336  0.00927  0.07597
   0.96178  0.01425  0.07098
   0.94939  0.01922  0.06348
   0.93624  0.02414  0.05321
   0.92241  0.02899  0.03991
   0.90799  0.03372  0.02346
   0.89305  0.03832  0.00379
   0.87766  0.04278 -0.01904
   0.86190  0.04707 -0.04483
   0.84581  0.05120 -0.07329
   0.82944  0.05517 -0.10404
   0.81284  0.05896 -0.13667
   0.79603  0.06258 -0.17054
   0.77905  0.06603 -0.20532
   0.76192  0.06932 -0.24049
   0.74466  0.07243 -0.27565
   0.72728  0.07539 -0.31047
   0.70981  0.07818 -0.34475
   0.69225  0.08081 -0.37842
   0.67462  0.08328 -0.41123
   0.65693  0.08560 -0.44206
   0.63918  0.08775 -0.47192
   0.62140  0.08976 -0.50125
   0.60358  0.09160 -0.53013
   0.58574  0.09329 -0.55944
   0.56788  0.09482 -0.59021
   0.55001  0.09620 -0.62415
   0.53214  0.09741 -0.66371
   0.51427  0.09847 -0.71279
   0.49641  0.09936 -0.77680
   0.47855  0.10009 -0.86235
   0.46070  0.10066 -0.97968
   0.44288  0.10106 -1.11292
   0.42508  0.10130 -1.22955
   0.40732  0.10137 -1.23992
   0.38962  0.10127 -1.24983
   0.37198  0.10099 -1.25959
   0.35443  0.10054 -1.26947
   0.33696  0.09989 -1.27967
   0.31959  0.09906 -1.29040
   0.30231  0.09802 -1.30192
   0.28514  0.09679 -1.31441
   0.26809  0.09536 -1.32818
   0.25120  0.09372 -1.34357
   0.23449  0.09188 -1.36091
   0.21798  0.08982 -1.38073
   0.20175  0.08756 -1.40356
   0.18582  0.08508 -1.43005
   0.17029  0.08241 -1.46082
   0.15522  0.07955 -1.49649
   0.14073  0.07652 -1.53742
   0.12691  0.07335 -1.58364
   0.11389  0.07007 -1.63489
   0.10175  0.06673 -1.69094
   0.09056  0.06337 -1.75130
   0.08037  0.06004 -1.81451
   0.07115  0.05677 -1.87991
   0.06286  0.05358 -1.94717
   0.05544  0.05050 -2.01345
   0.04881  0.04752 -2.08069
   0.04288  0.04465 -2.14686
   0.03757  0.04188 -2.21162
   0.03281  0.03919 -2.27374
   0.02853  0.03659 -2.33599
   0.02467  0.03407 -2.39273
   0.02120  0.03160 -2.44294
   0.01806  0.02918 -2.49418
   0.01524  0.02681 -2.52810
   0.01269  0.02447 -2.56281
   0.01041  0.02216 -2.56753
   0.00838  0.01987 -2.58478
   0.00658  0.01760 -2.55117
   0.00500  0.01534 -2.50158
   0.00365  0.01308 -2.40589
   0.00251  0.01084 -2.28409
   0.00159  0.00861 -2.11442
   0.00089  0.00640 -1.89252
   0.00039  0.00421 -1.64147
   0.00010  0.00208 -1.35059
  -0.00000 -0.00001 -1.07316
   0.00008 -0.00210 -0.76758
   0.00036 -0.00422 -0.44301
   0.00084 -0.00638 -0.14655
   0.00154 -0.00854  0.12552
   0.00246 -0.01070  0.36531
   0.00363 -0.01283  0.56857
   0.00503 -0.01492  0.74427
   0.00667 -0.01696  0.85419
   0.00856 -0.01894  0.93595
   0.01068 -0.02087  0.98076
   0.01306 -0.02275  0.99831
   0.01568 -0.02456  0.99672
   0.01857 -0.02633  0.97806
   0.02175 -0.02806  0.95275
   0.02523 -0.02974  0.91782
   0.02906 -0.03139  0.87687
   0.03327 -0.03301  0.83914
   0.03791 -0.03461  0.79341
   0.04303 -0.03618  0.74843
   0.04872 -0.03773  0.70528
   0.05506 -0.03926  0.66266
   0.06214 -0.04076  0.61987
   0.07007 -0.04224  0.57897
   0.07896 -0.04368  0.54014
   0.08892 -0.04507  0.50172
   0.10002 -0.04638  0.46517
   0.11230 -0.04759  0.43189
   0.12572 -0.04869  0.40135
   0.14020 -0.04963  0.37347
   0.15560 -0.05042  0.34788
   0.17177 -0.05104  0.32426
   0.18856 -0.05149  0.30420
   0.20583 -0.05179  0.28636
   0.22349 -0.05193  0.26934
   0.24144 -0.05193  0.25528
   0.25962 -0.05180  0.24229
   0.27799 -0.05155  0.23095
   0.29651 -0.05120  0.22074
   0.31517 -0.05074  0.21136
   0.33394 -0.05019  0.20289
   0.35281 -0.04956  0.19580
   0.37181 -0.04884  0.18897
   0.39091 -0.04807  0.18332
   0.41013 -0.04724  0.17775
   0.42944 -0.04637  0.17261
   0.44884 -0.04546  0.16731
   0.46830 -0.04454  0.16234
   0.48781 -0.04359  0.15665
   0.50737 -0.04263  0.15142
   0.52694 -0.04166  0.14559
   0.54652 -0.04069  0.13947
   0.56608 -0.03970  0.13315
   0.58562 -0.03871  0.12660
   0.60514 -0.03770  0.11974
   0.62463 -0.03668  0.11286
   0.64408 -0.03564  0.10577
   0.66349 -0.03457  0.09876
   0.68286 -0.03349  0.09133
   0.70217 -0.03237  0.08413
   0.72143 -0.03122  0.07682
   0.74062 -0.03004  0.06953
   0.75973 -0.02881  0.06230
   0.77875 -0.02753  0.05521
   0.79766 -0.02621  0.04844
   0.81645 -0.02482  0.04199
   0.83508 -0.02336  0.03615
   0.85352 -0.02183  0.03119
   0.87170 -0.02023  0.02728
   0.88955 -0.01854  0.02509
   0.90696 -0.01676  0.02492
   0.92379 -0.01491  0.02760
   0.93986 -0.01298  0.03329
   0.95499 -0.01101  0.04215
   0.96899 -0.00902  0.05320
   0.98171 -0.00705  0.06500
   0.99312 -0.00512  0.07386
   1.00000 -0.00387  0.07683
