Rotor_tip                                       
 Alfa =   9.03495 Re =    22916.820 Xflap,Yflap =     0.000000    0.000000
#    x        y        Cp  
   1.00000 -0.00385 -0.30204
   0.99391 -0.00061 -0.30670
   0.98407  0.00431 -0.31572
   0.97334  0.00926 -0.32709
   0.96176  0.01424 -0.34244
   0.94936  0.01920 -0.35858
   0.93621  0.02412 -0.35847
   0.92237  0.02895 -0.35837
   0.90794  0.03368 -0.35827
   0.89299  0.03827 -0.35818
   0.87760  0.04272 -0.35810
   0.86182  0.04701 -0.35802
   0.84572  0.05113 -0.35794
   0.82935  0.05509 -0.35787
   0.81274  0.05887 -0.35780
   0.79593  0.06249 -0.35774
   0.77894  0.06593 -0.35768
   0.76180  0.06921 -0.35762
   0.74452  0.07232 -0.35756
   0.72714  0.07527 -0.35751
   0.70966  0.07806 -0.35746
   0.69209  0.08068 -0.35742
   0.67445  0.08315 -0.35738
   0.65675  0.08546 -0.35735
   0.63900  0.08761 -0.35732
   0.62121  0.08961 -0.35730
   0.60339  0.09145 -0.35729
   0.58554  0.09314 -0.35730
   0.56767  0.09467 -0.35732
   0.54980  0.09604 -0.35737
   0.53192  0.09725 -0.35745
   0.51404  0.09831 -0.35758
   0.49618  0.09920 -0.35775
   0.47831  0.09993 -0.35799
   0.46046  0.10049 -0.35831
   0.44263  0.10090 -0.35872
   0.42482  0.10113 -0.35928
   0.40705  0.10120 -0.36000
   0.38934  0.10110 -0.36096
   0.37171  0.10083 -0.36219
   0.35415  0.10037 -0.36380
   0.33668  0.09973 -0.36591
   0.31930  0.09889 -0.36867
   0.30202  0.09786 -0.37231
   0.28484  0.09663 -0.37704
   0.26780  0.09520 -0.38324
   0.25090  0.09356 -0.39140
   0.23418  0.09172 -0.40201
   0.21768  0.08966 -0.41585
   0.20144  0.08740 -0.43369
   0.18552  0.08493 -0.45613
   0.16999  0.08226 -0.48292
   0.15493  0.07940 -0.51431
   0.14045  0.07637 -0.54973
   0.12665  0.07320 -0.58728
   0.11364  0.06993 -0.62673
   0.10152  0.06660 -0.66334
   0.09035  0.06325 -0.69934
   0.08018  0.05992 -0.73050
   0.07098  0.05666 -0.75959
   0.06272  0.05348 -0.78245
   0.05532  0.05041 -0.80415
   0.04870  0.04744 -0.82001
   0.04278  0.04457 -0.83274
   0.03748  0.04180 -0.84339
   0.03273  0.03913 -0.84490
   0.02846  0.03653 -0.84449
   0.02461  0.03401 -0.83369
   0.02114  0.03155 -0.82013
   0.01802  0.02913 -0.80665
   0.01520  0.02676 -0.77387
   0.01266  0.02443 -0.73507
   0.01038  0.02212 -0.67941
   0.00835  0.01983 -0.60903
   0.00655  0.01756 -0.53259
   0.00498  0.01530 -0.43084
   0.00363  0.01305 -0.33202
   0.00250  0.01081 -0.18696
   0.00158  0.00858 -0.04463
   0.00088  0.00637  0.11031
   0.00039  0.00418  0.28354
   0.00010  0.00205  0.43192
  -0.00000 -0.00004  0.57868
   0.00009 -0.00213  0.70722
   0.00037 -0.00426  0.82935
   0.00085 -0.00641  0.91301
   0.00155 -0.00858  0.96781
   0.00248 -0.01073  0.99704
   0.00364 -0.01286  0.99624
   0.00505 -0.01495  0.96657
   0.00670 -0.01699  0.91628
   0.00858 -0.01897  0.85654
   0.01071 -0.02090  0.79017
   0.01309 -0.02278  0.72134
   0.01571 -0.02460  0.64620
   0.01861 -0.02637  0.57935
   0.02179 -0.02809  0.51679
   0.02528 -0.02978  0.45431
   0.02911 -0.03143  0.39551
   0.03332 -0.03305  0.35021
   0.03796 -0.03464  0.29878
   0.04309 -0.03622  0.25562
   0.04878 -0.03777  0.21820
   0.05512 -0.03930  0.18299
   0.06221 -0.04081  0.15152
   0.07015 -0.04230  0.12282
   0.07905 -0.04374  0.09502
   0.08902 -0.04513  0.07260
   0.10013 -0.04645  0.05131
   0.11242 -0.04767  0.03340
   0.12584 -0.04877  0.01500
   0.14033 -0.04972  0.00084
   0.15573 -0.05051 -0.01280
   0.17191 -0.05114 -0.02341
   0.18870 -0.05160 -0.03287
   0.20597 -0.05190 -0.04052
   0.22363 -0.05205 -0.04904
   0.24158 -0.05205 -0.05553
   0.25976 -0.05193 -0.06161
   0.27813 -0.05169 -0.06694
   0.29665 -0.05134 -0.07155
   0.31531 -0.05088 -0.07575
   0.33407 -0.05034 -0.07996
   0.35295 -0.04971 -0.08362
   0.37194 -0.04900 -0.08618
   0.39105 -0.04823 -0.08934
   0.41026 -0.04740 -0.09197
   0.42958 -0.04653 -0.09548
   0.44897 -0.04563 -0.09855
   0.46843 -0.04470 -0.10270
   0.48794 -0.04376 -0.10679
   0.50749 -0.04280 -0.11197
   0.52707 -0.04183 -0.11746
   0.54664 -0.04086 -0.12393
   0.56620 -0.03987 -0.13098
   0.58574 -0.03887 -0.13868
   0.60525 -0.03786 -0.14705
   0.62474 -0.03684 -0.15606
   0.64419 -0.03579 -0.16557
   0.66360 -0.03472 -0.17575
   0.68296 -0.03363 -0.18658
   0.70227 -0.03251 -0.19791
   0.72153 -0.03136 -0.20990
   0.74071 -0.03016 -0.22258
   0.75982 -0.02893 -0.23559
   0.77884 -0.02765 -0.24942
   0.79775 -0.02631 -0.26375
   0.81654 -0.02491 -0.27853
   0.83516 -0.02345 -0.29375
   0.85359 -0.02191 -0.30908
   0.87176 -0.02029 -0.32442
   0.88961 -0.01859 -0.33923
   0.90701 -0.01681 -0.35280
   0.92383 -0.01494 -0.36406
   0.93990 -0.01301 -0.37139
   0.95502 -0.01103 -0.37290
   0.96900 -0.00903 -0.36664
   0.98172 -0.00705 -0.34923
   0.99312 -0.00511 -0.32644
   1.00000 -0.00385 -0.30204
