Rotor_root                                      
 Alfa =   7.34339 Re =    10605.973 Xflap,Yflap =     0.000000    0.000000
#    x        y        Cp  
   1.00000 -0.00316 -0.27022
   0.99383 -0.00009 -0.26957
   0.98384  0.00457 -0.26928
   0.97294  0.00927 -0.26903
   0.96116  0.01400 -0.26881
   0.94854  0.01871 -0.26860
   0.93514  0.02338 -0.26842
   0.92105  0.02797 -0.26826
   0.90634  0.03245 -0.26812
   0.89112  0.03680 -0.26801
   0.87544  0.04101 -0.26792
   0.85939  0.04507 -0.26785
   0.84302  0.04896 -0.26781
   0.82637  0.05270 -0.26780
   0.80949  0.05626 -0.26782
   0.79241  0.05967 -0.26788
   0.77516  0.06291 -0.26797
   0.75777  0.06600 -0.26810
   0.74025  0.06892 -0.26828
   0.72261  0.07169 -0.26851
   0.70489  0.07431 -0.26880
   0.68708  0.07678 -0.26916
   0.66921  0.07910 -0.26959
   0.65128  0.08127 -0.27011
   0.63330  0.08329 -0.27073
   0.61528  0.08517 -0.27147
   0.59723  0.08690 -0.27234
   0.57915  0.08848 -0.27339
   0.56107  0.08992 -0.27462
   0.54297  0.09121 -0.27607
   0.52488  0.09235 -0.27780
   0.50679  0.09334 -0.27985
   0.48871  0.09418 -0.28228
   0.47064  0.09487 -0.28516
   0.45258  0.09540 -0.28858
   0.43455  0.09578 -0.29264
   0.41656  0.09600 -0.29746
   0.39862  0.09607 -0.30321
   0.38075  0.09597 -0.31006
   0.36296  0.09570 -0.31823
   0.34526  0.09526 -0.32796
   0.32765  0.09463 -0.33949
   0.31014  0.09381 -0.35308
   0.29273  0.09281 -0.36883
   0.27545  0.09161 -0.38667
   0.25831  0.09021 -0.40685
   0.24134  0.08862 -0.42949
   0.22458  0.08682 -0.45430
   0.20807  0.08481 -0.48090
   0.19187  0.08261 -0.50908
   0.17605  0.08020 -0.53779
   0.16068  0.07760 -0.56672
   0.14588  0.07484 -0.59526
   0.13175  0.07192 -0.62295
   0.11841  0.06888 -0.64987
   0.10595  0.06577 -0.67346
   0.09445  0.06263 -0.69531
   0.08396  0.05950 -0.71526
   0.07446  0.05641 -0.73235
   0.06592  0.05339 -0.74559
   0.05826  0.05045 -0.75632
   0.05141  0.04761 -0.76222
   0.04528  0.04486 -0.76443
   0.03979  0.04220 -0.76297
   0.03486  0.03962 -0.75623
   0.03042  0.03712 -0.75061
   0.02642  0.03467 -0.72660
   0.02281  0.03229 -0.71077
   0.01954  0.02994 -0.67581
   0.01659  0.02764 -0.64136
   0.01393  0.02536 -0.59554
   0.01153  0.02310 -0.54026
   0.00938  0.02086 -0.46765
   0.00747  0.01863 -0.38303
   0.00578  0.01640 -0.28786
   0.00432  0.01418 -0.17167
   0.00307  0.01196 -0.05337
   0.00204  0.00975  0.09735
   0.00123  0.00755  0.25011
   0.00062  0.00536  0.39201
   0.00023  0.00321  0.54304
   0.00003  0.00111  0.67447
   0.00002 -0.00098  0.77912
   0.00019 -0.00309  0.87927
   0.00056 -0.00522  0.95026
   0.00113 -0.00738  0.98393
   0.00192 -0.00953  0.99951
   0.00295 -0.01167  0.98103
   0.00421 -0.01379  0.94008
   0.00570 -0.01586  0.88498
   0.00743 -0.01789  0.81056
   0.00939 -0.01987  0.73089
   0.01160 -0.02180  0.65162
   0.01405 -0.02368  0.57567
   0.01675 -0.02551  0.50096
   0.01972 -0.02731  0.42934
   0.02299 -0.02907  0.36472
   0.02657 -0.03080  0.31089
   0.03050 -0.03251  0.25344
   0.03483 -0.03420  0.20717
   0.03960 -0.03588  0.16338
   0.04489 -0.03754  0.12307
   0.05075 -0.03919  0.08985
   0.05729 -0.04084  0.05525
   0.06460 -0.04248  0.02581
   0.07279 -0.04410  0.00058
   0.08196 -0.04569 -0.02303
   0.09221 -0.04724 -0.04393
   0.10360 -0.04872 -0.06098
   0.11614 -0.05012 -0.07735
   0.12979 -0.05139 -0.09016
   0.14445 -0.05253 -0.10213
   0.15999 -0.05350 -0.11278
   0.17625 -0.05432 -0.12043
   0.19309 -0.05496 -0.12742
   0.21038 -0.05544 -0.13396
   0.22804 -0.05576 -0.13892
   0.24598 -0.05594 -0.14370
   0.26414 -0.05598 -0.14721
   0.28249 -0.05589 -0.15112
   0.30099 -0.05569 -0.15357
   0.31961 -0.05537 -0.15688
   0.33834 -0.05495 -0.15864
   0.35719 -0.05443 -0.16064
   0.37615 -0.05382 -0.16232
   0.39523 -0.05314 -0.16386
   0.41441 -0.05239 -0.16542
   0.43368 -0.05159 -0.16702
   0.45302 -0.05074 -0.16904
   0.47243 -0.04985 -0.17126
   0.49188 -0.04892 -0.17399
   0.51137 -0.04796 -0.17738
   0.53087 -0.04698 -0.18094
   0.55036 -0.04597 -0.18542
   0.56985 -0.04494 -0.19029
   0.58932 -0.04387 -0.19559
   0.60876 -0.04278 -0.20156
   0.62817 -0.04165 -0.20783
   0.64754 -0.04049 -0.21463
   0.66688 -0.03929 -0.22181
   0.68616 -0.03805 -0.22942
   0.70539 -0.03676 -0.23749
   0.72455 -0.03543 -0.24590
   0.74364 -0.03404 -0.25450
   0.76265 -0.03259 -0.26354
   0.78155 -0.03108 -0.27269
   0.80034 -0.02950 -0.28202
   0.81899 -0.02784 -0.29129
   0.83746 -0.02610 -0.30046
   0.85571 -0.02428 -0.30915
   0.87368 -0.02236 -0.31711
   0.89130 -0.02035 -0.32393
   0.90846 -0.01825 -0.32895
   0.92501 -0.01606 -0.33160
   0.94080 -0.01380 -0.33109
   0.95565 -0.01149 -0.32675
   0.96940 -0.00917 -0.31828
   0.98192 -0.00687 -0.30489
   0.99318 -0.00462 -0.28950
   1.00000 -0.00316 -0.27022
