Rotor_root                                      
 Alfa =   7.35932 Re =    19700.234 Xflap,Yflap =     0.000000    0.000000
#    x        y        Cp  
   1.00000 -0.00317 -0.28575
   0.99383 -0.00010 -0.28506
   0.98384  0.00457 -0.28476
   0.97295  0.00928 -0.28448
   0.96117  0.01401 -0.28423
   0.94855  0.01873 -0.28400
   0.93516  0.02340 -0.28378
   0.92107  0.02799 -0.28356
   0.90637  0.03248 -0.28336
   0.89115  0.03684 -0.28317
   0.87548  0.04105 -0.28300
   0.85943  0.04511 -0.28283
   0.84306  0.04902 -0.28267
   0.82642  0.05275 -0.28253
   0.80955  0.05633 -0.28239
   0.79247  0.05974 -0.28228
   0.77523  0.06299 -0.28217
   0.75784  0.06607 -0.28208
   0.74032  0.06900 -0.28200
   0.72269  0.07178 -0.28194
   0.70497  0.07440 -0.28190
   0.68717  0.07687 -0.28189
   0.66930  0.07919 -0.28190
   0.65136  0.08137 -0.28194
   0.63339  0.08339 -0.28203
   0.61537  0.08527 -0.28216
   0.59732  0.08700 -0.28234
   0.57925  0.08859 -0.28259
   0.56117  0.09003 -0.28293
   0.54308  0.09132 -0.28336
   0.52499  0.09246 -0.28393
   0.50690  0.09346 -0.28464
   0.48882  0.09430 -0.28555
   0.47075  0.09498 -0.28670
   0.45270  0.09552 -0.28815
   0.43467  0.09590 -0.28997
   0.41668  0.09612 -0.29226
   0.39875  0.09618 -0.29515
   0.38088  0.09608 -0.29875
   0.36309  0.09581 -0.30328
   0.34539  0.09537 -0.30896
   0.32778  0.09474 -0.31611
   0.31027  0.09392 -0.32507
   0.29287  0.09292 -0.33629
   0.27558  0.09171 -0.35017
   0.25845  0.09032 -0.36707
   0.24148  0.08872 -0.38687
   0.22472  0.08692 -0.40975
   0.20821  0.08491 -0.43583
   0.19201  0.08270 -0.46449
   0.17619  0.08029 -0.49502
   0.16082  0.07769 -0.52643
   0.14602  0.07492 -0.55661
   0.13188  0.07200 -0.58699
   0.11853  0.06896 -0.61526
   0.10607  0.06585 -0.64070
   0.09456  0.06271 -0.66448
   0.08406  0.05957 -0.68617
   0.07455  0.05648 -0.70208
   0.06600  0.05345 -0.71557
   0.05834  0.05051 -0.72603
   0.05148  0.04767 -0.73350
   0.04535  0.04491 -0.73632
   0.03985  0.04225 -0.73790
   0.03491  0.03967 -0.73182
   0.03047  0.03716 -0.71982
   0.02646  0.03471 -0.70367
   0.02285  0.03232 -0.68023
   0.01958  0.02998 -0.65585
   0.01663  0.02767 -0.61777
   0.01396  0.02539 -0.57126
   0.01156  0.02313 -0.51491
   0.00941  0.02089 -0.44832
   0.00749  0.01866 -0.36170
   0.00580  0.01643 -0.26045
   0.00434  0.01421 -0.16381
   0.00309  0.01199 -0.02606
   0.00205  0.00978  0.12952
   0.00124  0.00757  0.27187
   0.00063  0.00539  0.40235
   0.00023  0.00324  0.55096
   0.00003  0.00113  0.67981
   0.00002 -0.00096  0.80081
   0.00019 -0.00307  0.88357
   0.00055 -0.00520  0.95584
   0.00112 -0.00736  0.99197
   0.00191 -0.00951  0.99874
   0.00294 -0.01165  0.97885
   0.00419 -0.01377  0.93350
   0.00568 -0.01584  0.87197
   0.00741 -0.01787  0.79698
   0.00937 -0.01985  0.71429
   0.01158 -0.02178  0.63494
   0.01402 -0.02366  0.55730
   0.01672 -0.02549  0.47713
   0.01969 -0.02729  0.40942
   0.02296 -0.02905  0.34764
   0.02653 -0.03078  0.28927
   0.03046 -0.03249  0.23327
   0.03479 -0.03417  0.18597
   0.03956 -0.03585  0.14260
   0.04483 -0.03751  0.10309
   0.05069 -0.03916  0.07279
   0.05722 -0.04080  0.04251
   0.06452 -0.04243  0.01172
   0.07270 -0.04405 -0.01386
   0.08185 -0.04564 -0.03491
   0.09209 -0.04718 -0.05347
   0.10346 -0.04866 -0.07155
   0.11599 -0.05005 -0.08541
   0.12962 -0.05132 -0.09952
   0.14427 -0.05246 -0.11038
   0.15980 -0.05343 -0.11922
   0.17605 -0.05424 -0.12697
   0.19289 -0.05488 -0.13304
   0.21019 -0.05536 -0.13844
   0.22784 -0.05568 -0.14433
   0.24578 -0.05585 -0.14738
   0.26395 -0.05589 -0.15157
   0.28230 -0.05580 -0.15456
   0.30079 -0.05559 -0.15724
   0.31942 -0.05527 -0.15981
   0.33816 -0.05484 -0.16165
   0.35700 -0.05432 -0.16347
   0.37597 -0.05371 -0.16472
   0.39505 -0.05303 -0.16596
   0.41423 -0.05228 -0.16712
   0.43351 -0.05148 -0.16877
   0.45285 -0.05062 -0.17065
   0.47226 -0.04973 -0.17275
   0.49172 -0.04881 -0.17551
   0.51121 -0.04785 -0.17880
   0.53071 -0.04687 -0.18282
   0.55022 -0.04586 -0.18741
   0.56971 -0.04483 -0.19250
   0.58918 -0.04376 -0.19826
   0.60863 -0.04267 -0.20451
   0.62804 -0.04155 -0.21137
   0.64742 -0.04039 -0.21857
   0.66676 -0.03919 -0.22643
   0.68605 -0.03795 -0.23470
   0.70528 -0.03667 -0.24343
   0.72445 -0.03534 -0.25262
   0.74354 -0.03395 -0.26209
   0.76256 -0.03251 -0.27203
   0.78147 -0.03100 -0.28233
   0.80026 -0.02943 -0.29283
   0.81891 -0.02778 -0.30337
   0.83738 -0.02605 -0.31395
   0.85564 -0.02423 -0.32414
   0.87363 -0.02232 -0.33375
   0.89125 -0.02032 -0.34218
   0.90841 -0.01822 -0.34862
   0.92498 -0.01604 -0.35232
   0.94078 -0.01378 -0.35211
   0.95563 -0.01148 -0.34687
   0.96938 -0.00917 -0.33618
   0.98191 -0.00687 -0.31912
   0.99318 -0.00463 -0.30086
   1.00000 -0.00317 -0.28575
