     1.000000    0.000000
     0.999643    0.000245
     0.998567    0.000952
     0.996765    0.002064
     0.994229    0.003529
     0.990955    0.005310
     0.986942    0.007376
     0.982191    0.009707
     0.976706    0.012280
     0.970491    0.015078
     0.963552    0.018083
     0.955898    0.021276
     0.947539    0.024642
     0.938484    0.028163
     0.928747    0.031822
     0.918341    0.035602
     0.907280    0.039487
     0.895580    0.043460
     0.883259    0.047505
     0.870334    0.051606
     0.856824    0.055746
     0.842749    0.059910
     0.828129    0.064081
     0.812987    0.068243
     0.797345    0.072381
     0.781226    0.076478
     0.764654    0.080520
     0.747654    0.084490
     0.730250    0.088374
     0.712470    0.092155
     0.694340    0.095821
     0.675887    0.099354
     0.657139    0.102742
     0.638124    0.105971
     0.618870    0.109025
     0.599408    0.111894
     0.579765    0.114562
     0.559973    0.117019
     0.540061    0.119252
     0.520060    0.121250
     0.500000    0.123003
     0.479925    0.124501
     0.459878    0.125741
     0.439892    0.126720
     0.419999    0.127436
     0.400231    0.127888
     0.380618    0.128077
     0.361193    0.128003
     0.341985    0.127669
     0.323026    0.127078
     0.304346    0.126234
     0.285974    0.125136
     0.267939    0.123783
     0.250271    0.122173
     0.232998    0.120307
     0.216148    0.118183
     0.199750    0.115803
     0.183829    0.113168
     0.168412    0.110280
     0.153525    0.107142
     0.139193    0.103758
     0.125441    0.100131
     0.112293    0.096267
     0.099771    0.092172
     0.087898    0.087853
     0.076697    0.083320
     0.066187    0.078581
     0.056389    0.073648
     0.047321    0.068533
     0.039003    0.063250
     0.031450    0.057815
     0.024676    0.052244
     0.018697    0.046559
     0.013521    0.040779
     0.009156    0.034929
     0.005608    0.029035
     0.002877    0.023126
     0.000960    0.017237
     -0.000152    0.011403
     -0.000471    0.005665
     0.000000    0.000000
     0.001242    -0.005548
     0.003235    -0.010934
     0.005972    -0.016186
     0.009434    -0.021276
     0.013606    -0.026174
     0.018474    -0.030863
     0.024024    -0.035327
     0.030247    -0.039556
     0.037132    -0.043543
     0.044671    -0.047283
     0.052854    -0.050773
     0.061672    -0.054012
     0.071115    -0.057001
     0.081173    -0.059740
     0.091834    -0.062231
     0.103085    -0.064479
     0.114912    -0.066485
     0.127301    -0.068256
     0.140236    -0.069795
     0.153700    -0.071109
     0.167674    -0.072203
     0.182140    -0.073085
     0.197078    -0.073761
     0.212465    -0.074239
     0.228281    -0.074528
     0.244504    -0.074634
     0.261108    -0.074569
     0.278071    -0.074339
     0.295367    -0.073956
     0.312971    -0.073428
     0.330856    -0.072766
     0.348998    -0.071979
     0.367367    -0.071070
     0.385936    -0.070044
     0.404679    -0.068907
     0.423566    -0.067665
     0.442570    -0.066323
     0.461663    -0.064890
     0.480816    -0.063373
     0.500000    -0.061781
     0.519200    -0.060122
     0.538398    -0.058401
     0.557564    -0.056622
     0.576669    -0.054791
     0.595683    -0.052913
     0.614575    -0.050993
     0.633317    -0.049038
     0.651878    -0.047052
     0.670230    -0.045042
     0.688343    -0.043015
     0.706189    -0.040975
     0.723740    -0.038930
     0.740968    -0.036885
     0.757845    -0.034848
     0.774344    -0.032823
     0.790440    -0.030817
     0.806107    -0.028836
     0.821319    -0.026885
     0.836052    -0.024970
     0.850283    -0.023097
     0.863989    -0.021270
     0.877147    -0.019494
     0.889737    -0.017773
     0.901737    -0.016112
     0.913129    -0.014513
     0.923893    -0.012980
     0.934012    -0.011515
     0.943468    -0.010121
     0.952245    -0.008799
     0.960327    -0.007551
     0.967701    -0.006376
     0.974351    -0.005277
     0.980264    -0.004255
     0.985428    -0.003311
     0.989831    -0.002449
     0.993460    -0.001679
     0.996303    -0.001014
     0.998350    -0.000482
     0.999586    -0.000127
     1.000000    -0.000000
