     1.000000    0.000000
     0.999655    0.000269
     0.998614    0.001048
     0.996864    0.002281
     0.994394    0.003913
     0.991197    0.005906
     0.987268    0.008229
     0.982608    0.010855
     0.977216    0.013762
     0.971096    0.016927
     0.964253    0.020329
     0.956694    0.023947
     0.948427    0.027761
     0.939462    0.031750
     0.929810    0.035893
     0.919484    0.040171
     0.908498    0.044564
     0.896866    0.049052
     0.884606    0.053617
     0.871734    0.058239
     0.858268    0.062898
     0.844229    0.067578
     0.829637    0.072258
     0.814512    0.076920
     0.798877    0.081547
     0.782754    0.086120
     0.766167    0.090621
     0.749140    0.095032
     0.731699    0.099337
     0.713869    0.103517
     0.695677    0.107555
     0.677149    0.111436
     0.658313    0.115142
     0.639197    0.118658
     0.619829    0.121968
     0.600240    0.125056
     0.580457    0.127909
     0.560512    0.130512
     0.540433    0.132851
     0.520252    0.134914
     0.500000    0.136689
     0.479725    0.138166
     0.459479    0.139340
     0.439294    0.140212
     0.419202    0.140780
     0.399237    0.141046
     0.379431    0.141011
     0.359815    0.140679
     0.340421    0.140052
     0.321281    0.139137
     0.302424    0.137938
     0.283882    0.136457
     0.265684    0.134696
     0.247861    0.132653
     0.230441    0.130332
     0.213455    0.127735
     0.196929    0.124864
     0.180893    0.121724
     0.165373    0.118318
     0.150396    0.114652
     0.135989    0.110732
     0.122177    0.106565
     0.108986    0.102160
     0.096440    0.097526
     0.084562    0.092672
     0.073376    0.087612
     0.062905    0.082359
     0.053169    0.076926
     0.044189    0.071331
     0.035985    0.065591
     0.028574    0.059727
     0.021973    0.053760
     0.016194    0.047714
     0.011249    0.041615
     0.007145    0.035490
     0.003884    0.029369
     0.001466    0.023285
     -0.000118    0.017274
     -0.000880    0.011373
     -0.000838    0.005623
     0.000000    0.000000
     0.001609    -0.005453
     0.003963    -0.010694
     0.007050    -0.015754
     0.010846    -0.020607
     0.015331    -0.025230
     0.020485    -0.029606
     0.026296    -0.033725
     0.032750    -0.037580
     0.039836    -0.041168
     0.047546    -0.044486
     0.055872    -0.047535
     0.064804    -0.050317
     0.074335    -0.052835
     0.084455    -0.055092
     0.095154    -0.057094
     0.106421    -0.058846
     0.118243    -0.060354
     0.130608    -0.061625
     0.143500    -0.062666
     0.156904    -0.063485
     0.170803    -0.064090
     0.185179    -0.064491
     0.200013    -0.064697
     0.215286    -0.064716
     0.230975    -0.064561
     0.247060    -0.064239
     0.263518    -0.063764
     0.280325    -0.063145
     0.297458    -0.062393
     0.314892    -0.061521
     0.332602    -0.060541
     0.350562    -0.059461
     0.368745    -0.058290
     0.387124    -0.057032
     0.405673    -0.055694
     0.424363    -0.054284
     0.443169    -0.052811
     0.462062    -0.051282
     0.481015    -0.049706
     0.500000    -0.048095
     0.519007    -0.046455
     0.538026    -0.044793
     0.557026    -0.043111
     0.575977    -0.041413
     0.594851    -0.039704
     0.613616    -0.037988
     0.632244    -0.036269
     0.650704    -0.034551
     0.668968    -0.032840
     0.687007    -0.031139
     0.704791    -0.029452
     0.722291    -0.027786
     0.739481    -0.026143
     0.756332    -0.024528
     0.772817    -0.022946
     0.788909    -0.021399
     0.804582    -0.019894
     0.819811    -0.018431
     0.834571    -0.017016
     0.848838    -0.015651
     0.862589    -0.014339
     0.875800    -0.013081
     0.888451    -0.011881
     0.900519    -0.010737
     0.911986    -0.009653
     0.922830    -0.008627
     0.933034    -0.007659
     0.942579    -0.006748
     0.951449    -0.005892
     0.959626    -0.005088
     0.967095    -0.004335
     0.973841    -0.003628
     0.979847    -0.002966
     0.985101    -0.002345
     0.989588    -0.001767
     0.993294    -0.001235
     0.996204    -0.000761
     0.998303    -0.000368
     0.999574    -0.000098
     1.000000    -0.000000
