     1.000000    0.000000
     0.999649    0.000258
     0.998593    0.001004
     0.996819    0.002181
     0.994318    0.003736
     0.991086    0.005631
     0.987118    0.007836
     0.982416    0.010325
     0.976981    0.013078
     0.970817    0.016073
     0.963930    0.019292
     0.956327    0.022714
     0.948018    0.026320
     0.939011    0.030092
     0.929320    0.034011
     0.918956    0.038058
     0.907935    0.042215
     0.896272    0.046465
     0.883983    0.050789
     0.871087    0.055169
     0.857600    0.059588
     0.843545    0.064028
     0.828939    0.068471
     0.813806    0.072902
     0.798168    0.077301
     0.782046    0.081653
     0.765466    0.085941
     0.748452    0.090147
     0.731028    0.094256
     0.713221    0.098251
     0.695057    0.102116
     0.676564    0.105835
     0.657769    0.109393
     0.638699    0.112775
     0.619385    0.115966
     0.599854    0.118952
     0.580136    0.121719
     0.560262    0.124254
     0.540261    0.126544
     0.520163    0.128577
     0.500000    0.130341
     0.479818    0.131828
     0.459664    0.133033
     0.439571    0.133955
     0.419572    0.134592
     0.399698    0.134945
     0.379981    0.135014
     0.360454    0.134802
     0.341146    0.134312
     0.322090    0.133548
     0.303315    0.132514
     0.284851    0.131212
     0.266729    0.129641
     0.248977    0.127800
     0.231625    0.125691
     0.214702    0.123314
     0.198235    0.120672
     0.182251    0.117767
     0.166779    0.114602
     0.151843    0.111182
     0.137471    0.107511
     0.123686    0.103596
     0.110514    0.099443
     0.097979    0.095059
     0.086103    0.090455
     0.074909    0.085640
     0.064419    0.080625
     0.054654    0.075425
     0.045633    0.070052
     0.037376    0.064524
     0.029899    0.058859
     0.023218    0.053075
     0.017346    0.047195
     0.012294    0.041243
     0.008070    0.035244
     0.004677    0.029227
     0.002114    0.023222
     0.000377    0.017265
     -0.000546    0.011393
     -0.000669    0.005646
     0.000000    0.000000
     0.001440    -0.005499
     0.003629    -0.010811
     0.006555    -0.015963
     0.010197    -0.020928
     0.014538    -0.025680
     0.019560    -0.030204
     0.025251    -0.034484
     0.031598    -0.038514
     0.038591    -0.042287
     0.046222    -0.045802
     0.054481    -0.049056
     0.063360    -0.052050
     0.072850    -0.054786
     0.082941    -0.057267
     0.093621    -0.059495
     0.104880    -0.061476
     0.116704    -0.063215
     0.129080    -0.064716
     0.141991    -0.065987
     0.155423    -0.067035
     0.169356    -0.067866
     0.183773    -0.068489
     0.198655    -0.068912
     0.213980    -0.069143
     0.229728    -0.069193
     0.245876    -0.069069
     0.262402    -0.068782
     0.279281    -0.068343
     0.296489    -0.067762
     0.314002    -0.067048
     0.331793    -0.066215
     0.349837    -0.065270
     0.368106    -0.064220
     0.386573    -0.063069
     0.405212    -0.061824
     0.423994    -0.060491
     0.442891    -0.059078
     0.461877    -0.057593
     0.480922    -0.056045
     0.500000    -0.054442
     0.519097    -0.052794
     0.538198    -0.051104
     0.557275    -0.049378
     0.576298    -0.047619
     0.595236    -0.045832
     0.614061    -0.044021
     0.632741    -0.042193
     0.651248    -0.040352
     0.669553    -0.038502
     0.687626    -0.036650
     0.705439    -0.034800
     0.722963    -0.032958
     0.740170    -0.031130
     0.757032    -0.029319
     0.773524    -0.027532
     0.789618    -0.025773
     0.805288    -0.024047
     0.820509    -0.022358
     0.835256    -0.020712
     0.849506    -0.019111
     0.863236    -0.017560
     0.876423    -0.016062
     0.889045    -0.014620
     0.901082    -0.013236
     0.912513    -0.011913
     0.923321    -0.010652
     0.933485    -0.009453
     0.942989    -0.008318
     0.951816    -0.007245
     0.959949    -0.006235
     0.967374    -0.005286
     0.974075    -0.004397
     0.980039    -0.003566
     0.985252    -0.002795
     0.989700    -0.002085
     0.993370    -0.001442
     0.996250    -0.000879
     0.998325    -0.000422
     0.999580    -0.000112
     1.000000    -0.000000
