     1.000000    -0.000000
     0.999636    0.000199
     0.998545    0.000791
     0.996724    0.001767
     0.994173    0.003108
     0.990890    0.004793
     0.986874    0.006794
     0.982124    0.009082
     0.976641    0.011628
     0.970430    0.014400
     0.963494    0.017369
     0.955841    0.020504
     0.947478    0.023778
     0.938416    0.027166
     0.928667    0.030643
     0.918244    0.034186
     0.907163    0.037775
     0.895439    0.041391
     0.883090    0.045016
     0.870134    0.048634
     0.856592    0.052229
     0.842485    0.055788
     0.827833    0.059298
     0.812659    0.062747
     0.796987    0.066122
     0.780841    0.069414
     0.764246    0.072612
     0.747227    0.075707
     0.729811    0.078690
     0.712023    0.081551
     0.693893    0.084284
     0.675446    0.086879
     0.656712    0.089330
     0.637719    0.091628
     0.618497    0.093768
     0.599074    0.095741
     0.579480    0.097543
     0.559746    0.099165
     0.539901    0.100602
     0.519975    0.101847
     0.500000    0.102895
     0.480015    0.103739
     0.460063    0.104380
     0.440173    0.104815
     0.420378    0.105044
     0.400708    0.105066
     0.381194    0.104879
     0.361867    0.104478
     0.342758    0.103860
     0.323897    0.103021
     0.305314    0.101964
     0.287039    0.100693
     0.269100    0.099212
     0.251525    0.097525
     0.234343    0.095638
     0.217580    0.093556
     0.201264    0.091284
     0.185421    0.088828
     0.170076    0.086194
     0.155254    0.083388
     0.140979    0.080417
     0.127275    0.077287
     0.114164    0.074008
     0.101668    0.070585
     0.089809    0.067028
     0.078607    0.063345
     0.068082    0.059545
     0.058251    0.055638
     0.049135    0.051633
     0.040749    0.047542
     0.033108    0.043375
     0.026229    0.039144
     0.020123    0.034860
     0.014802    0.030535
     0.010275    0.026180
     0.006550    0.021808
     0.003631    0.017428
     0.001519    0.013049
     0.000213    0.008681
     -0.000291    0.004330
     0.000000    0.000000
     0.001062    -0.004208
     0.002870    -0.008194
     0.005413    -0.011959
     0.008681    -0.015506
     0.012665    -0.018838
     0.017355    -0.021959
     0.022743    -0.024874
     0.028821    -0.027588
     0.035580    -0.030108
     0.043012    -0.032439
     0.051108    -0.034586
     0.059859    -0.036555
     0.069253    -0.038351
     0.079278    -0.039980
     0.089923    -0.041446
     0.101174    -0.042756
     0.113015    -0.043912
     0.125430    -0.044921
     0.138402    -0.045787
     0.151914    -0.046514
     0.165945    -0.047107
     0.180476    -0.047570
     0.195485    -0.047908
     0.210950    -0.048125
     0.226850    -0.048225
     0.243159    -0.048213
     0.259854    -0.048093
     0.276910    -0.047870
     0.294301    -0.047547
     0.312002    -0.047131
     0.329986    -0.046624
     0.348225    -0.046032
     0.366692    -0.045359
     0.385361    -0.044619
     0.404202    -0.043821
     0.423188    -0.042979
     0.442290    -0.042100
     0.461478    -0.041192
     0.480725    -0.040265
     0.500000    -0.039323
     0.519285    -0.038372
     0.538559    -0.037415
     0.557792    -0.036449
     0.576954    -0.035477
     0.596017    -0.034497
     0.614949    -0.033508
     0.633721    -0.032510
     0.652305    -0.031501
     0.670671    -0.030482
     0.688791    -0.029451
     0.706636    -0.028406
     0.724180    -0.027348
     0.741394    -0.026275
     0.758252    -0.025187
     0.774729    -0.024083
     0.790798    -0.022963
     0.806435    -0.021827
     0.821615    -0.020675
     0.836316    -0.019508
     0.850514    -0.018327
     0.864188    -0.017133
     0.877316    -0.015929
     0.889878    -0.014718
     0.901854    -0.013503
     0.913225    -0.012288
     0.923973    -0.011078
     0.934080    -0.009879
     0.943529    -0.008700
     0.952302    -0.007548
     0.960385    -0.006433
     0.967761    -0.005365
     0.974415    -0.004357
     0.980332    -0.003421
     0.985496    -0.002572
     0.989895    -0.001822
     0.993515    -0.001186
     0.996344    -0.000676
     0.998372    -0.000304
     0.999593    -0.000076
     1.000000    0.000000
