     1.000000    -0.000000
     0.999632    0.000188
     0.998529    0.000747
     0.996689    0.001668
     0.994111    0.002933
     0.990797    0.004521
     0.986744    0.006407
     0.981955    0.008563
     0.976431    0.010959
     0.970178    0.013567
     0.963201    0.016357
     0.955506    0.019302
     0.947104    0.022377
     0.938005    0.025556
     0.928222    0.028816
     0.917768    0.032137
     0.906659    0.035500
     0.894910    0.038886
     0.882541    0.042280
     0.869569    0.045666
     0.856014    0.049030
     0.841897    0.052360
     0.827240    0.055644
     0.812066    0.058871
     0.796397    0.062029
     0.780258    0.065111
     0.763674    0.068106
     0.746670    0.071006
     0.729273    0.073803
     0.711509    0.076489
     0.693405    0.079057
     0.674990    0.081500
     0.656291    0.083810
     0.637337    0.085983
     0.618157    0.088010
     0.598781    0.089887
     0.579238    0.091608
     0.559559    0.093166
     0.539772    0.094557
     0.519909    0.095774
     0.500000    0.096812
     0.480083    0.097666
     0.460198    0.098335
     0.440376    0.098817
     0.420646    0.099110
     0.401042    0.099213
     0.381592    0.099123
     0.362328    0.098835
     0.343281    0.098344
     0.324479    0.097646
     0.305953    0.096743
     0.287733    0.095638
     0.269845    0.094335
     0.252320    0.092836
     0.235184    0.091147
     0.218464    0.089271
     0.202188    0.087213
     0.186380    0.084977
     0.171067    0.082568
     0.156272    0.079992
     0.142020    0.077254
     0.128334    0.074360
     0.115235    0.071316
     0.102746    0.068130
     0.090888    0.064806
     0.079681    0.061354
     0.069143    0.057781
     0.059294    0.054094
     0.050150    0.050302
     0.041728    0.046414
     0.034044    0.042439
     0.027112    0.038387
     0.020944    0.034267
     0.015551    0.030090
     0.010942    0.025865
     0.007126    0.021602
     0.004106    0.017310
     0.001885    0.012997
     0.000462    0.008670
     -0.000164    0.004336
     0.000000    0.000000
     0.000935    -0.004237
     0.002620    -0.008276
     0.005047    -0.012115
     0.008206    -0.015755
     0.012089    -0.019200
     0.016688    -0.022451
     0.021994    -0.025512
     0.028000    -0.028388
     0.034697    -0.031081
     0.042076    -0.033596
     0.050128    -0.035937
     0.058843    -0.038109
     0.068210    -0.040115
     0.078217    -0.041960
     0.088850    -0.043647
     0.100095    -0.045179
     0.111937    -0.046561
     0.124359    -0.047796
     0.137344    -0.048888
     0.150873    -0.049839
     0.164927    -0.050654
     0.179485    -0.051336
     0.194526    -0.051887
     0.210027    -0.052313
     0.225965    -0.052615
     0.242318    -0.052798
     0.259059    -0.052864
     0.276164    -0.052818
     0.293608    -0.052663
     0.311363    -0.052403
     0.329404    -0.052042
     0.347702    -0.051582
     0.366231    -0.051030
     0.384962    -0.050395
     0.403868    -0.049689
     0.422919    -0.048922
     0.442087    -0.048103
     0.461343    -0.047240
     0.480657    -0.046339
     0.500000    -0.045406
     0.519351    -0.044446
     0.538687    -0.043462
     0.557979    -0.042453
     0.577196    -0.041420
     0.596309    -0.040363
     0.615288    -0.039282
     0.634104    -0.038178
     0.652726    -0.037049
     0.671127    -0.035895
     0.689278    -0.034717
     0.707151    -0.033514
     0.724717    -0.032286
     0.741951    -0.031034
     0.758824    -0.029756
     0.775312    -0.028455
     0.791388    -0.027129
     0.807028    -0.025781
     0.822208    -0.024412
     0.836903    -0.023023
     0.851093    -0.021616
     0.864754    -0.020194
     0.877865    -0.018760
     0.890407    -0.017318
     0.902358    -0.015872
     0.913702    -0.014429
     0.924418    -0.012995
     0.934491    -0.011577
     0.943902    -0.010184
     0.952637    -0.008826
     0.960679    -0.007514
     0.968013    -0.006260
     0.974625    -0.005079
     0.980501    -0.003985
     0.985626    -0.002993
     0.989989    -0.002119
     0.993577    -0.001379
     0.996380    -0.000786
     0.998389    -0.000353
     0.999597    -0.000089
     1.000000    0.000000
