     1.000000    -0.000000
     0.999635    0.000195
     0.998539    0.000776
     0.996712    0.001732
     0.994152    0.003047
     0.990858    0.004698
     0.986829    0.006659
     0.982065    0.008902
     0.976569    0.011396
     0.970343    0.014111
     0.963392    0.017017
     0.955725    0.020086
     0.947348    0.023291
     0.938273    0.026606
     0.928512    0.030007
     0.918079    0.033473
     0.906987    0.036984
     0.895255    0.040519
     0.882899    0.044064
     0.869938    0.047601
     0.856391    0.051116
     0.842280    0.054595
     0.827627    0.058026
     0.812453    0.061397
     0.796782    0.064697
     0.780638    0.067916
     0.764047    0.071043
     0.747033    0.074070
     0.729623    0.076988
     0.711844    0.079788
     0.693723    0.082463
     0.675287    0.085005
     0.656565    0.087407
     0.637586    0.089662
     0.618378    0.091762
     0.598972    0.093702
     0.579396    0.095475
     0.559680    0.097075
     0.539856    0.098496
     0.519952    0.099731
     0.500000    0.100775
     0.480039    0.101623
     0.460110    0.102274
     0.440244    0.102725
     0.420471    0.102977
     0.400824    0.103027
     0.381333    0.102874
     0.362028    0.102512
     0.342940    0.101939
     0.324100    0.101149
     0.305537    0.100146
     0.287280    0.098932
     0.269359    0.097513
     0.251802    0.095893
     0.234635    0.094075
     0.217888    0.092065
     0.201586    0.089867
     0.185755    0.087488
     0.170421    0.084932
     0.155609    0.082206
     0.141342    0.079317
     0.127643    0.076270
     0.114537    0.073072
     0.102043    0.069732
     0.090184    0.066256
     0.078980    0.062654
     0.068451    0.058933
     0.058614    0.055102
     0.049488    0.051172
     0.041089    0.047152
     0.033434    0.043052
     0.026535    0.038883
     0.020408    0.034656
     0.015062    0.030382
     0.010507    0.026073
     0.006750    0.021738
     0.003796    0.017388
     0.001646    0.013032
     0.000299    0.008678
     -0.000247    0.004333
     0.000000    0.000000
     0.001018    -0.004218
     0.002783    -0.008223
     0.005286    -0.012014
     0.008516    -0.015594
     0.012465    -0.018966
     0.017123    -0.022132
     0.022483    -0.025098
     0.028536    -0.027869
     0.035273    -0.030450
     0.042687    -0.032845
     0.050768    -0.035059
     0.059506    -0.037099
     0.068890    -0.038968
     0.078909    -0.040672
     0.089550    -0.042215
     0.100799    -0.043602
     0.112640    -0.044837
     0.125057    -0.045925
     0.138034    -0.046869
     0.151552    -0.047674
     0.165591    -0.048345
     0.180131    -0.048884
     0.195151    -0.049296
     0.210629    -0.049585
     0.226542    -0.049756
     0.242866    -0.049811
     0.259577    -0.049756
     0.276650    -0.049595
     0.294060    -0.049330
     0.311780    -0.048968
     0.329783    -0.048512
     0.348043    -0.047966
     0.366532    -0.047335
     0.385222    -0.046631
     0.404086    -0.045866
     0.423094    -0.045049
     0.442219    -0.044191
     0.461431    -0.043299
     0.480701    -0.042381
     0.500000    -0.041442
     0.519308    -0.040488
     0.538603    -0.039521
     0.557857    -0.038541
     0.577039    -0.037547
     0.596119    -0.036541
     0.615067    -0.035520
     0.633855    -0.034485
     0.652452    -0.033434
     0.670830    -0.032368
     0.688961    -0.031286
     0.706816    -0.030186
     0.724367    -0.029069
     0.741588    -0.027934
     0.758452    -0.026779
     0.774932    -0.025607
     0.791003    -0.024415
     0.806641    -0.023205
     0.821821    -0.021978
     0.836520    -0.020733
     0.850716    -0.019474
     0.864385    -0.018200
     0.877507    -0.016917
     0.890062    -0.015625
     0.902030    -0.014329
     0.913391    -0.013035
     0.924128    -0.011747
     0.934223    -0.010472
     0.943658    -0.009218
     0.952419    -0.007994
     0.960487    -0.006810
     0.967849    -0.005678
     0.974488    -0.004609
     0.980390    -0.003618
     0.985541    -0.002719
     0.989928    -0.001926
     0.993536    -0.001254
     0.996356    -0.000715
     0.998378    -0.000321
     0.999594    -0.000081
     1.000000    0.000000
